 1.0000000E+000
 9.0000000E+000
-8.0828611E-017
 1.0000000E+000
 9.0000000E+000
-9.5308688E-017
 1.0000000E+000
 9.0000000E+000
-2.1784843E-016
 1.0000000E+000
 9.0000000E+000
-6.0978840E-017
 1.0000000E+000
 9.0000000E+000
-1.5628878E-016
 1.0000000E+000
 9.0000000E+000
 4.0846581E-016
 1.0000000E+000
 9.0000000E+000
-1.6338632E-016
 1.0000000E+000
 9.0000000E+000
 4.7453477E-017
 1.0000000E+000
 9.0000000E+000
 2.0570024E-017
 1.0000000E+000
 9.0000000E+000
 1.3615527E-017
 1.0000000E+000
 9.0000000E+000
-1.2253974E-016
 1.0000000E+000
 9.0000000E+000
-4.9531575E-017
 1.0000000E+000
 9.0000000E+000
-1.4963672E-016
 1.0000000E+000
 9.0000000E+000
 1.4977080E-016
 1.0000000E+000
 9.0000000E+000
-6.8077634E-017
 1.0000000E+000
 9.0000000E+000
 8.9276578E-017
 1.0000000E+000
 9.0000000E+000
-2.6315451E-017
 1.0000000E+000
 9.0000000E+000
 3.4038817E-016
 1.0000000E+000
 9.0000000E+000
-4.0846581E-017
 1.0000000E+000
 9.0000000E+000
-8.9691623E-017
 1.0000000E+000
 9.0000000E+000
-9.7987863E-017
 1.0000000E+000
 9.0000000E+000
-1.3615527E-016
 1.0000000E+000
 9.0000000E+000
 2.8592606E-016
 1.0000000E+000
 9.0000000E+000
-7.4470032E-018
 1.0000000E+000
 9.0000000E+000
-3.4148577E-018
 1.0000000E+000
 9.0000000E+000
-1.3615527E-017
 1.0000000E+000
 9.0000000E+000
-1.9061738E-016
 1.0000000E+000
 9.0000000E+000
-6.0079109E-017
 1.0000000E+000
 9.0000000E+000
 2.8613442E-017
 1.0000000E+000
 9.0000000E+000
 2.4507948E-016
 1.0000000E+000
 9.0000000E+000
-1.3615527E-016
 1.0000000E+000
 9.0000000E+000
-1.4502453E-016
 1.0000000E+000
 9.0000000E+000
-1.0961378E-016
 1.0000000E+000
 9.0000000E+000
 1.2253974E-016
 1.0000000E+000
 9.0000000E+000
 2.7231054E-017
 1.0000000E+000
 9.0000000E+000
 1.2943783E-017
 1.0000000E+000
 9.0000000E+000
-1.2223565E-024
 1.0000000E+000
 9.0000000E+000
-9.5308688E-017
 1.0000000E+000
 9.0000000E+000
-1.9061738E-016
 1.0000000E+000
 9.0000000E+000
-4.0846581E-017
 1.0000000E+000
 9.0000000E+000
 6.8077634E-017
 1.0000000E+000
 9.0000000E+000
-8.1693161E-017
 1.0000000E+000
 9.0000000E+000
 9.5308688E-017
 1.0000000E+000
 9.0000000E+000
 1.6338632E-016
 1.0000000E+000
 9.0000000E+000
-3.1315712E-016
 1.0000000E+000
 9.0000000E+000
-1.3615527E-017
 1.0000000E+000
 9.0000000E+000
 5.7185213E-016
 1.0000000E+000
 9.0000000E+000
-1.2253974E-016
 1.0000000E+000
 9.0000000E+000
-5.0377449E-016
 1.0000000E+000
 9.0000000E+000
-4.7654344E-016
 1.0000000E+000
 9.0000000E+000
-1.3615527E-016
 1.0000000E+000
 9.0000000E+000
-2.1784843E-016
 1.0000000E+000
 9.0000000E+000
-1.6338632E-016
 1.0000000E+000
 9.0000000E+000
-2.7231054E-017
 1.0000000E+000
 9.0000000E+000
 2.9954159E-016
 1.0000000E+000
 9.0000000E+000
 1.4977080E-016
 1.0000000E+000
 9.0000000E+000
 1.3615527E-017
 1.0000000E+000
 9.0000000E+000
-2.5869501E-016
 1.0000000E+000
 9.0000000E+000
-6.8077634E-017
 1.0000000E+000
 9.0000000E+000
 1.3615527E-016
 1.0000000E+000
 9.0000000E+000
 2.0423290E-016
 1.0000000E+000
 9.0000000E+000
 1.3615527E-017
 1.0000000E+000
 9.0000000E+000
 1.3615527E-016
 1.0000000E+000
 9.0000000E+000
-2.0029671E-032
 1.0000000E+000
 9.0000000E+000
-6.8077634E-017
 1.0000000E+000
 9.0000000E+000
 4.0846581E-017
 1.0000000E+000
 9.0000000E+000
-3.1315712E-016
 1.0000000E+000
 9.0000000E+000
-2.0423290E-016
 1.0000000E+000
 9.0000000E+000
-2.5869501E-016
 1.0000000E+000
 9.0000000E+000
-5.4462107E-017
 1.0000000E+000
 9.0000000E+000
-2.7462049E-030
 1.0000000E+000
 9.0000000E+000
 4.9015897E-016
 1.0000000E+000
 9.0000000E+000
 1.6338632E-016
 1.0000000E+000
 9.0000000E+000
 2.5869501E-016
 1.0000000E+000
 9.0000000E+000
-8.7139372E-016
 1.0000000E+000
 9.0000000E+000
-2.7231054E-017
 1.0000000E+000
 9.0000000E+000
-3.5400370E-016
 1.0000000E+000
 9.0000000E+000
-4.9015897E-016
 1.0000000E+000
 9.0000000E+000
-3.6761923E-016
 1.0000000E+000
 9.0000000E+000
-1.2253974E-016
 1.0000000E+000
 9.0000000E+000
 1.4977080E-016
 1.0000000E+000
 9.0000000E+000
 6.2631424E-016
 1.0000000E+000
 9.0000000E+000
-6.5354529E-016
 1.0000000E+000
 9.0000000E+000
 2.7231054E-016
 1.0000000E+000
 9.0000000E+000
 4.2208133E-016
 1.0000000E+000
 9.0000000E+000
 2.3146396E-016
 1.0000000E+000
 9.0000000E+000
-1.4977080E-016
 1.0000000E+000
 9.0000000E+000
-2.5869501E-016
 1.0000000E+000
 9.0000000E+000
 1.0892421E-016
 1.0000000E+000
 9.0000000E+000
-1.3615527E-016
 1.0000000E+000
 9.0000000E+000
 2.3146396E-016
 1.0000000E+000
 9.0000000E+000
-2.0423290E-016
 1.0000000E+000
 9.0000000E+000
-8.1693161E-017
 1.0000000E+000
 9.0000000E+000
 5.4462107E-017
 1.0000000E+000
 9.0000000E+000
-1.9061738E-016
 1.0000000E+000
 9.0000000E+000
-1.3615527E-017
 1.0000000E+000
 9.0000000E+000
 5.4462107E-017
 1.0000000E+000
 9.0000000E+000
 4.0846581E-017
 1.0000000E+000
 9.0000000E+000
 1.4977080E-016
 1.0000000E+000
 9.0000000E+000
 4.3569686E-016
 1.0000000E+000
 9.0000000E+000
-1.0892421E-016
 1.0000000E+000
 9.0000000E+000
 3.1315712E-016
 1.0000000E+000
 9.0000000E+000
 2.8592606E-016
 1.0000000E+000
 9.0000000E+000
 2.8592606E-016
 1.0000000E+000
 9.0000000E+000
-2.5869501E-016
 1.0000000E+000
 9.0000000E+000
-5.3100555E-016
 1.0000000E+000
 9.0000000E+000
-3.4038817E-016
 1.0000000E+000
 9.0000000E+000
-8.1693161E-017
 1.0000000E+000
 9.0000000E+000
 1.9061738E-016
 1.0000000E+000
 9.0000000E+000
 1.9061738E-016
 1.0000000E+000
 9.0000000E+000
-4.0846581E-017
 1.0000000E+000
 9.0000000E+000
-1.3615527E-016
 1.0000000E+000
 9.0000000E+000
-8.4416267E-016
 1.0000000E+000
 9.0000000E+000
-2.0423290E-016
 1.0000000E+000
 9.0000000E+000
-2.7231054E-016
 1.0000000E+000
 9.0000000E+000
-5.1739002E-016
 1.0000000E+000
 9.0000000E+000
-9.5308688E-017
 1.0000000E+000
 9.0000000E+000
 4.9015897E-016
 1.0000000E+000
 9.0000000E+000
 1.0892421E-016
 1.0000000E+000
 9.0000000E+000
 2.0423290E-016
 1.0000000E+000
 9.0000000E+000
-5.3100555E-016
 1.0000000E+000
 9.0000000E+000
-4.0846581E-017
 1.0000000E+000
 9.0000000E+000
-4.7654344E-016
 1.0000000E+000
 9.0000000E+000
 6.8077634E-017
 1.0000000E+000
 9.0000000E+000
-2.7231054E-016
 1.0000000E+000
 9.0000000E+000
-4.0846581E-016
 1.0000000E+000
 9.0000000E+000
-2.7231054E-017
 1.0000000E+000
 9.0000000E+000
 1.7700185E-016
 1.0000000E+000
 9.0000000E+000
 3.9485028E-016
 1.0000000E+000
 9.0000000E+000
 4.2208133E-016
 1.0000000E+000
 9.0000000E+000
 1.4977080E-016
 1.0000000E+000
 9.0000000E+000
 1.0892421E-016
 1.0000000E+000
 9.0000000E+000
-1.2253974E-016
 1.0000000E+000
 9.0000000E+000
 1.9061738E-016
 1.0000000E+000
 9.0000000E+000
-4.0846581E-017
 1.0000000E+000
 9.0000000E+000
 3.9485028E-016
 1.0000000E+000
 9.0000000E+000
 2.3146396E-016
 1.0000000E+000
 9.0000000E+000
-2.0423290E-016
 1.0000000E+000
 9.0000000E+000
-5.4462107E-017
 1.0000000E+000
 9.0000000E+000
 2.0423290E-016
 1.0000000E+000
 9.0000000E+000
 3.6761923E-016
 1.0000000E+000
 9.0000000E+000
-1.2253974E-016
 1.0000000E+000
 9.0000000E+000
-3.2677264E-016
 1.0000000E+000
 9.0000000E+000
-5.1739002E-016
 1.0000000E+000
 9.0000000E+000
-4.7654344E-016
 1.0000000E+000
 9.0000000E+000
-2.4507948E-016
 1.0000000E+000
 9.0000000E+000
-1.1154986E-030
 1.0000000E+000
 9.0000000E+000
 6.8077634E-017
 1.0000000E+000
 9.0000000E+000
-2.1784843E-016
 1.0000000E+000
 9.0000000E+000
 2.3146396E-016
 1.0000000E+000
 9.0000000E+000
-8.1693161E-017
 1.0000000E+000
 9.0000000E+000
-1.4977080E-016
 1.0000000E+000
 9.0000000E+000
-2.7231054E-016
 1.0000000E+000
 9.0000000E+000
 6.8077634E-017
 1.0000000E+000
 9.0000000E+000
 7.2162292E-016
 1.0000000E+000
 9.0000000E+000
 5.4462107E-016
 1.0000000E+000
 9.0000000E+000
 2.9954159E-016
 1.0000000E+000
 9.0000000E+000
 1.0892421E-016
 1.0000000E+000
 9.0000000E+000
-1.2253974E-016
 1.0000000E+000
 9.0000000E+000
-3.1315712E-016
 1.0000000E+000
 9.0000000E+000
-4.9015897E-016
 1.0000000E+000
 9.0000000E+000
 5.4462107E-017
 1.0000000E+000
 9.0000000E+000
-5.5823660E-016
 1.0000000E+000
 9.0000000E+000
-2.9954159E-016
 1.0000000E+000
 9.0000000E+000
 5.4462107E-017
 1.0000000E+000
 9.0000000E+000
 4.7654344E-016
 1.0000000E+000
 9.0000000E+000
 8.3054714E-016
 1.0000000E+000
 9.0000000E+000
 4.0846581E-017
 1.0000000E+000
 9.0000000E+000
-4.0675640E-030
 1.0000000E+000
 9.0000000E+000
 4.3569686E-016
 1.0000000E+000
 9.0000000E+000
-1.2253974E-016
 1.0000000E+000
 9.0000000E+000
 1.0892421E-016
 1.0000000E+000
 9.0000000E+000
 2.4507948E-016
 1.0000000E+000
 9.0000000E+000
 3.9485028E-016
 1.0000000E+000
 9.0000000E+000
-7.2162292E-016
 1.0000000E+000
 9.0000000E+000
 2.7231054E-017
 1.0000000E+000
 9.0000000E+000
-2.1940194E-030
 1.0000000E+000
 9.0000000E+000
-6.8077634E-017
 1.0000000E+000
 9.0000000E+000
-3.1315712E-016
 1.0000000E+000
 9.0000000E+000
 1.3615527E-016
 1.0000000E+000
 9.0000000E+000
-3.8123475E-016
 1.0000000E+000
 9.0000000E+000
-3.8123475E-016
 1.0000000E+000
 9.0000000E+000
-2.3146396E-016
 1.0000000E+000
 9.0000000E+000
-4.9015897E-016
 1.0000000E+000
 9.0000000E+000
-1.6338632E-016
 1.0000000E+000
 9.0000000E+000
-1.7700185E-016
 1.0000000E+000
 9.0000000E+000
 2.4507948E-016
 1.0000000E+000
 9.0000000E+000
 2.3146396E-016
 1.0000000E+000
 9.0000000E+000
 1.0892421E-016
 1.0000000E+000
 9.0000000E+000
 4.2208133E-016
 1.0000000E+000
 9.0000000E+000
 1.9061738E-016
 1.0000000E+000
 9.0000000E+000
 2.5869501E-016
 1.0000000E+000
 9.0000000E+000
 3.4038817E-016
 1.0000000E+000
 9.0000000E+000
 1.9061738E-016
 1.0000000E+000
 9.0000000E+000
-5.1739002E-016
 1.0000000E+000
 9.0000000E+000
 9.5308688E-017
 1.0000000E+000
 9.0000000E+000
-1.0892421E-016
 1.0000000E+000
 9.0000000E+000
-9.5308688E-017
 1.0000000E+000
 9.0000000E+000
-9.5308688E-017
 1.0000000E+000
 9.0000000E+000
-3.9485028E-016
 1.0000000E+000
 9.0000000E+000
-4.4931239E-016
 1.0000000E+000
 9.0000000E+000
 5.1739002E-016
 1.0000000E+000
 9.0000000E+000
 2.4507948E-016
 1.0000000E+000
 9.0000000E+000
 8.8500925E-016
 1.0000000E+000
 9.0000000E+000
 6.3992976E-016
 1.0000000E+000
 9.0000000E+000
 4.2208133E-016
 1.0000000E+000
 9.0000000E+000
 9.5308688E-017
 1.0000000E+000
 9.0000000E+000
-2.7231054E-017
 1.0000000E+000
 9.0000000E+000
-2.7231054E-016
 1.0000000E+000
 9.0000000E+000
 2.4507948E-016
 1.0000000E+000
 9.0000000E+000
-1.7700185E-016
 1.0000000E+000
 9.0000000E+000
 5.4462107E-017
 1.0000000E+000
 9.0000000E+000
-7.7608503E-016
 1.0000000E+000
 9.0000000E+000
-9.5308688E-016
 1.0000000E+000
 9.0000000E+000
-4.0846581E-017
 1.0000000E+000
 9.0000000E+000
-2.8592606E-016
 1.0000000E+000
 9.0000000E+000
-2.8592606E-016
 1.0000000E+000
 9.0000000E+000
-5.4462107E-017
 1.0000000E+000
 9.0000000E+000
-1.7700185E-016
 1.0000000E+000
 9.0000000E+000
-1.4977080E-016
 1.0000000E+000
 9.0000000E+000
-4.0846581E-016
 1.0000000E+000
 9.0000000E+000
-2.3146396E-016
 1.0000000E+000
 9.0000000E+000
-1.6338632E-016
 1.0000000E+000
 9.0000000E+000
-9.5308688E-017
 1.0000000E+000
 9.0000000E+000
 3.2677264E-016
 1.0000000E+000
 9.0000000E+000
 5.3100555E-016
 1.0000000E+000
 9.0000000E+000
 9.5308688E-016
 1.0000000E+000
 9.0000000E+000
 5.0377449E-016
 1.0000000E+000
 9.0000000E+000
 1.2253974E-016
 1.0000000E+000
 9.0000000E+000
 8.1693161E-016
 1.0000000E+000
 9.0000000E+000
-5.7185213E-016
 1.0000000E+000
 9.0000000E+000
-2.7231054E-017
 1.0000000E+000
 9.0000000E+000
-2.8592606E-016
 1.0000000E+000
 9.0000000E+000
-1.3615527E-016
 1.0000000E+000
 9.0000000E+000
 9.5308688E-017
 1.0000000E+000
 9.0000000E+000
-4.0846581E-017
 1.0000000E+000
 9.0000000E+000
-1.4977080E-016
 1.0000000E+000
 9.0000000E+000
 9.5308688E-017
 1.0000000E+000
 9.0000000E+000
 2.8592606E-016
 1.0000000E+000
 9.0000000E+000
 7.8970056E-016
 1.0000000E+000
 9.0000000E+000
 5.9908318E-016
 1.0000000E+000
 9.0000000E+000
 5.5823660E-016
 1.0000000E+000
 9.0000000E+000
-1.2253974E-016
 1.0000000E+000
 9.0000000E+000
-9.5308688E-017
 1.0000000E+000
 9.0000000E+000
 2.7231054E-017
 1.0000000E+000
 9.0000000E+000
 6.6716082E-016
 1.0000000E+000
 9.0000000E+000
-2.5869501E-016
 1.0000000E+000
 9.0000000E+000
-1.3615527E-016
 1.0000000E+000
 9.0000000E+000
-1.6338632E-016
 1.0000000E+000
 9.0000000E+000
-8.0331609E-016
 1.0000000E+000
 9.0000000E+000
-8.3054714E-016
 1.0000000E+000
 9.0000000E+000
-8.3054714E-016
 1.0000000E+000
 9.0000000E+000
-1.2253974E-016
 1.0000000E+000
 9.0000000E+000
-9.5308688E-017
 1.0000000E+000
 9.0000000E+000
-1.3615527E-016
 1.0000000E+000
 9.0000000E+000
-2.5869501E-016
 1.0000000E+000
 9.0000000E+000
-3.1315712E-016
 1.0000000E+000
 9.0000000E+000
-1.2253974E-016
 1.0000000E+000
 9.0000000E+000
-7.4885398E-016
 1.0000000E+000
 9.0000000E+000
-2.0423290E-016
 1.0000000E+000
 9.0000000E+000
-2.7231054E-017
 1.0000000E+000
 9.0000000E+000
 3.6761923E-016
 1.0000000E+000
 9.0000000E+000
 4.7654344E-016
 1.0000000E+000
 9.0000000E+000
 8.5777819E-016
 1.0000000E+000
 9.0000000E+000
 9.6670241E-016
 1.0000000E+000
 9.0000000E+000
 7.6246950E-016
 1.0000000E+000
 9.0000000E+000
 4.0846581E-016
 1.0000000E+000
 9.0000000E+000
 6.1269871E-016
 1.0000000E+000
 9.0000000E+000
 2.4507948E-016
 1.0000000E+000
 9.0000000E+000
 4.0846581E-016
 1.0000000E+000
 9.0000000E+000
-4.3569686E-016
 1.0000000E+000
 9.0000000E+000
-1.9061738E-016
 1.0000000E+000
 9.0000000E+000
-2.7231054E-017
 1.0000000E+000
 9.0000000E+000
-2.4507948E-016
 1.0000000E+000
 9.0000000E+000
 8.1693161E-017
 1.0000000E+000
 9.0000000E+000
 5.8546766E-016
 1.0000000E+000
 9.0000000E+000
 6.8077634E-016
 1.0000000E+000
 9.0000000E+000
 3.2677264E-016
 1.0000000E+000
 9.0000000E+000
 3.4038817E-016
 1.0000000E+000
 9.0000000E+000
 2.3146396E-016
 1.0000000E+000
 9.0000000E+000
-1.6338632E-016
 1.0000000E+000
 9.0000000E+000
 3.4038817E-016
 1.0000000E+000
 9.0000000E+000
 3.6761923E-016
 1.0000000E+000
 9.0000000E+000
 4.0846581E-016
 1.0000000E+000
 9.0000000E+000
-1.9061738E-016
 1.0000000E+000
 9.0000000E+000
-6.9439187E-016
 1.0000000E+000
 9.0000000E+000
-5.9908318E-016
 1.0000000E+000
 9.0000000E+000
-7.3523845E-016
 1.0000000E+000
 9.0000000E+000
-7.7608503E-016
 1.0000000E+000
 9.0000000E+000
-9.5308688E-017
 1.0000000E+000
 9.0000000E+000
-8.4416267E-016
 1.0000000E+000
 9.0000000E+000
-4.2208133E-016
 1.0000000E+000
 9.0000000E+000
-4.0846581E-017
 1.0000000E+000
 9.0000000E+000
 4.2208133E-016
 1.0000000E+000
 9.0000000E+000
 5.4462107E-017
 1.0000000E+000
 9.0000000E+000
-5.9657606E-030
 1.0000000E+000
 9.0000000E+000
-6.2631424E-016
 1.0000000E+000
 9.0000000E+000
-2.8592606E-016
 1.0000000E+000
 9.0000000E+000
 4.0846581E-016
 1.0000000E+000
 9.0000000E+000
 6.6716082E-016
 1.0000000E+000
 9.0000000E+000
 5.4462107E-016
 1.0000000E+000
 9.0000000E+000
 7.3523845E-016
 1.0000000E+000
 9.0000000E+000
 5.4462107E-016
 1.0000000E+000
 9.0000000E+000
 7.8970056E-016
 1.0000000E+000
 9.0000000E+000
 2.7231054E-016
 1.0000066E+000
 9.0000300E+000
 4.4346860E-005
 1.0000069E+000
 9.0000537E+000
 1.9436079E-005
 1.0000000E+000
 9.0000000E+000
 7.6246950E-016
 1.0000000E+000
 9.0000000E+000
-1.2253974E-016
 1.0000000E+000
 9.0000000E+000
 2.0185612E-009
 1.0000000E+000
 9.0000000E+000
 1.3487498E-009
 1.0000000E+000
 9.0000000E+000
-6.5354529E-016
 1.0000000E+000
 9.0000000E+000
-4.0846581E-016
 1.0000000E+000
 9.0000000E+000
 1.5333806E-013
 1.0000000E+000
 9.0000000E+000
 1.0456725E-013
 1.0000000E+000
 9.0000000E+000
 5.3100555E-016
 1.0000000E+000
 9.0000000E+000
 1.7700185E-016
 1.0000000E+000
 9.0000000E+000
 5.1739002E-016
 1.0000000E+000
 9.0000000E+000
 4.4931239E-016
 1.0000000E+000
 9.0000000E+000
 4.0846581E-017
 1.0000000E+000
 9.0000000E+000
 3.8123475E-016
 1.0000000E+000
 9.0000000E+000
 2.9954159E-016
 1.0000000E+000
 9.0000000E+000
-3.6761923E-016
 1.0000000E+000
 9.0000000E+000
-5.0377449E-016
 1.0000000E+000
 9.0000000E+000
-8.1693161E-016
 1.0000000E+000
 9.0000000E+000
-8.0331609E-016
 1.0000000E+000
 9.0000000E+000
-5.9908318E-016
 1.0000000E+000
 9.0000000E+000
-6.2631424E-016
 1.0000000E+000
 9.0000000E+000
-8.7139372E-016
 1.0000000E+000
 9.0000000E+000
-1.7700185E-016
 1.0000000E+000
 9.0000000E+000
 2.1784843E-016
 1.0000000E+000
 9.0000000E+000
 7.4885398E-016
 1.0000000E+000
 9.0000000E+000
 5.0377449E-016
 1.0000000E+000
 9.0000000E+000
 6.8077634E-016
 1.0000000E+000
 9.0000000E+000
 2.3146396E-016
 1.0000000E+000
 9.0000000E+000
 1.9061738E-016
 1.0000000E+000
 9.0000000E+000
 2.9954159E-016
 1.0000000E+000
 9.0000000E+000
 7.4885398E-016
 1.0000000E+000
 9.0000000E+000
-2.4507948E-016
 1.0000000E+000
 9.0000000E+000
 5.8546766E-016
 1.0000000E+000
 9.0000000E+000
 5.1739002E-016
 1.0000000E+000
 9.0000000E+000
-4.0846581E-017
 1.5878857E+000
 1.2915797E+001
 2.2773064E+000
 1.5877598E+000
 1.2915082E+001
 2.2767418E+000
 1.5877322E+000
 1.2914895E+001
 2.2767912E+000
 1.5876200E+000
 1.2914126E+001
 2.2770390E+000
 1.5876040E+000
 1.2914034E+001
 2.2769729E+000
 1.5874684E+000
 1.2913264E+001
 2.2763656E+000
 1.5874375E+000
 1.2913055E+001
 2.2764209E+000
 1.5873176E+000
 1.2912234E+001
 2.2766849E+000
 1.5872975E+000
 1.2912118E+001
 2.2766015E+000
 1.5871436E+000
 1.2911243E+001
 2.2759131E+000
 1.5871072E+000
 1.2910998E+001
 2.2759780E+000
 1.5869714E+000
 1.2910067E+001
 2.2762764E+000
 1.5869460E+000
 1.2909921E+001
 2.2761710E+000
 1.5867687E+000
 1.2908913E+001
 2.2753786E+000
 1.5867251E+000
 1.2908618E+001
 2.2754564E+000
 1.5865680E+000
 1.2907542E+001
 2.2758009E+000
 1.5865366E+000
 1.2907362E+001
 2.2756712E+000
 1.5863359E+000
 1.2906220E+001
 2.2747749E+000
 1.5862851E+000
 1.2905876E+001
 2.2748657E+000
 1.5861082E+000
 1.2904664E+001
 2.2752523E+000
 1.5860690E+000
 1.2904439E+001
 2.2750900E+000
 1.5858357E+000
 1.2903112E+001
 2.2740492E+000
 1.5857756E+000
 1.2902705E+001
 2.2741564E+000
 1.5855745E+000
 1.2901328E+001
 2.2745948E+000
 1.5855222E+000
 1.2901027E+001
 2.2743775E+000
 1.5852304E+000
 1.2899366E+001
 2.2730771E+000
 1.5851547E+000
 1.2898854E+001
 2.2732121E+000
 1.5849127E+000
 1.2897196E+001
 2.2737385E+000
 1.5848361E+000
 1.2896755E+001
 2.2734203E+000
 1.5844345E+000
 1.2894469E+001
 2.2716323E+000
 1.5843312E+000
 1.2893769E+001
 2.2718165E+000
 1.5840234E+000
 1.2891660E+001
 2.2724844E+000
 1.5838944E+000
 1.2890918E+001
 2.2719478E+000
 1.5832552E+000
 1.2887275E+001
 2.2691043E+000
 1.5831022E+000
 1.2886240E+001
 2.2693769E+000
 1.5827127E+000
 1.2883570E+001
 2.2702199E+000
 1.5824271E+000
 1.2881927E+001
 2.2690299E+000
 1.5810855E+000
 1.2874273E+001
 2.2630688E+000
 1.5808228E+000
 1.2872493E+001
 2.2635365E+000
 1.5803616E+000
 1.2869329E+001
 2.2645329E+000
 1.5794912E+000
 1.2864318E+001
 2.2609018E+000
 1.5756240E+000
 1.2842199E+001
 2.2437491E+000
 1.5750907E+000
 1.2838573E+001
 2.2446994E+000
 1.5746845E+000
 1.2835781E+001
 2.2455763E+000
 1.5714630E+000
 1.2817177E+001
 2.2321321E+000
 1.5581527E+000
 1.2740482E+001
 2.1733652E+000
 1.5571490E+000
 1.2733259E+001
 2.1752661E+000
 1.5574155E+000
 1.2734026E+001
 2.1748283E+000
 1.5449621E+000
 1.2661407E+001
 2.1229384E+000
 1.4998389E+000
 1.2395093E+001
 1.9267006E+000
 1.4989119E+000
 1.2383586E+001
 1.9296849E+000
 1.5008561E+000
 1.2386588E+001
 1.9266499E+000
 1.4575546E+000
 1.2126468E+001
 1.7477164E+000
 1.3357527E+000
 1.1359921E+001
 1.2434975E+000
 1.3349830E+000
 1.1338779E+001
 1.2478781E+000
 1.3348423E+000
 1.1308723E+001
 1.2517839E+000
 1.2212806E+000
 1.0572509E+001
 7.9647303E-001
 1.0006119E+000
 9.0035636E+000
 3.2207603E-003
 1.5878804E+000
 1.2923371E+001
 2.2776469E+000
 1.5877884E+000
 1.2922742E+001
 2.2778499E+000
 1.5877670E+000
 1.2922701E+001
 2.2778155E+000
 1.5876218E+000
 1.2921963E+001
 2.2772050E+000
 1.5875910E+000
 1.2921755E+001
 2.2772598E+000
 1.5874975E+000
 1.2921115E+001
 2.2774656E+000
 1.5874718E+000
 1.2921051E+001
 2.2774137E+000
 1.5873064E+000
 1.2920196E+001
 2.2767133E+000
 1.5872731E+000
 1.2919972E+001
 2.2767725E+000
 1.5871748E+000
 1.2919299E+001
 2.2769883E+000
 1.5871438E+000
 1.2919203E+001
 2.2769139E+000
 1.5869533E+000
 1.2918206E+001
 2.2761022E+000
 1.5869152E+000
 1.2917949E+001
 2.2761699E+000
 1.5868034E+000
 1.2917184E+001
 2.2764146E+000
 1.5867661E+000
 1.2917052E+001
 2.2763139E+000
 1.5865486E+000
 1.2915900E+001
 2.2753820E+000
 1.5865033E+000
 1.2915595E+001
 2.2754624E+000
 1.5863711E+000
 1.2914690E+001
 2.2757512E+000
 1.5863247E+000
 1.2914505E+001
 2.2756121E+000
 1.5860643E+000
 1.2913107E+001
 2.2744899E+000
 1.5860121E+000
 1.2912755E+001
 2.2745825E+000
 1.5858643E+000
 1.2911744E+001
 2.2749044E+000
 1.5858005E+000
 1.2911459E+001
 2.2746927E+000
 1.5854516E+000
 1.2909555E+001
 2.2731763E+000
 1.5853907E+000
 1.2909145E+001
 2.2732840E+000
 1.5852317E+000
 1.2908057E+001
 2.2736296E+000
 1.5851264E+000
 1.2907532E+001
 2.2732437E+000
 1.5845586E+000
 1.2904379E+001
 2.2707535E+000
 1.5844794E+000
 1.2903845E+001
 2.2708931E+000
 1.5843132E+000
 1.2902707E+001
 2.2712536E+000
 1.5840767E+000
 1.2901426E+001
 2.2703193E+000
 1.5828232E+000
 1.2894355E+001
 2.2647783E+000
 1.5826960E+000
 1.2893497E+001
 2.2650010E+000
 1.5825656E+000
 1.2892603E+001
 2.2652835E+000
 1.5818286E+000
 1.2888436E+001
 2.2622580E+000
 1.5780626E+000
 1.2866976E+001
 2.2455630E+000
 1.5778166E+000
 1.2865313E+001
 2.2459895E+000
 1.5779545E+000
 1.2866260E+001
 2.2456907E+000
 1.5752461E+000
 1.2850690E+001
 2.2344392E+000
 1.5623598E+000
 1.2776554E+001
 2.1774900E+000
 1.5619022E+000
 1.2773442E+001
 2.1782657E+000
 1.5629983E+000
 1.2781021E+001
 2.1758637E+000
 1.5531215E+000
 1.2723505E+001
 2.1348537E+000
 1.5121368E+000
 1.2482412E+001
 1.9562688E+000
 1.5117725E+000
 1.2478013E+001
 1.9572912E+000
 1.5150349E+000
 1.2496517E+001
 1.9505569E+000
 1.4846189E+000
 1.2314417E+001
 1.8261190E+000
 1.3858943E+000
 1.1702539E+001
 1.4140494E+000
 1.3864336E+000
 1.1696922E+001
 1.4146104E+000
 1.3914242E+000
 1.1714801E+001
 1.4051187E+000
 1.3275149E+000
 1.1309967E+001
 1.1574138E+000
 1.1780985E+000
 1.0304003E+001
 5.9404042E-001
 1.1782522E+000
 1.0293998E+001
 5.9432856E-001
 1.1806069E+000
 1.0291722E+001
 5.9096010E-001
 1.1147849E+000
 9.8373606E+000
 3.6809162E-001
 1.0003869E+000
 9.0027520E+000
 1.3435747E-003
 1.0001541E+000
 9.0011715E+000
 4.3151900E-004
 1.0001608E+000
 9.0012047E+000
 4.1487617E-004
 1.5879290E+000
 1.2935539E+001
 2.2794163E+000
 1.5877690E+000
 1.2934910E+001
 2.2788267E+000
 1.5877419E+000
 1.2934728E+001
 2.2788749E+000
 1.5876729E+000
 1.2934256E+001
 2.2790266E+000
 1.5876363E+000
 1.2934309E+001
 2.2790447E+000
 1.5874540E+000
 1.2933554E+001
 2.2783577E+000
 1.5874260E+000
 1.2933367E+001
 2.2784074E+000
 1.5873567E+000
 1.2932892E+001
 2.2785594E+000
 1.5873146E+000
 1.2932916E+001
 2.2785562E+000
 1.5871046E+000
 1.2932004E+001
 2.2777474E+000
 1.5870752E+000
 1.2931808E+001
 2.2777993E+000
 1.5870042E+000
 1.2931322E+001
 2.2779547E+000
 1.5869553E+000
 1.2931308E+001
 2.2779240E+000
 1.5867121E+000
 1.2930208E+001
 2.2769688E+000
 1.5866789E+000
 1.2929985E+001
 2.2770274E+000
 1.5865983E+000
 1.2929434E+001
 2.2772032E+000
 1.5865380E+000
 1.2929356E+001
 2.2771259E+000
 1.5862339E+000
 1.2927909E+001
 2.2759007E+000
 1.5861929E+000
 1.2927634E+001
 2.2759729E+000
 1.5860945E+000
 1.2926961E+001
 2.2761873E+000
 1.5860075E+000
 1.2926731E+001
 2.2759996E+000
 1.5855464E+000
 1.2924388E+001
 2.2740757E+000
 1.5854956E+000
 1.2924047E+001
 2.2741646E+000
 1.5853941E+000
 1.2923353E+001
 2.2743851E+000
 1.5852224E+000
 1.2922635E+001
 2.2738438E+000
 1.5842567E+000
 1.2917408E+001
 2.2696712E+000
 1.5841855E+000
 1.2916930E+001
 2.2697944E+000
 1.5841279E+000
 1.2916536E+001
 2.2699192E+000
 1.5836296E+000
 1.2913934E+001
 2.2680123E+000
 1.5808044E+000
 1.2898055E+001
 2.2555619E+000
 1.5806694E+000
 1.2897148E+001
 2.2557915E+000
 1.5808123E+000
 1.2898127E+001
 2.2554818E+000
 1.5790052E+000
 1.2887951E+001
 2.2481064E+000
 1.5693206E+000
 1.2832529E+001
 2.2052551E+000
 1.5690238E+000
 1.2830524E+001
 2.2057486E+000
 1.5698565E+000
 1.2836257E+001
 2.2039339E+000
 1.5631928E+000
 1.2797729E+001
 2.1763424E+000
 1.5316781E+000
 1.2613741E+001
 2.0381359E+000
 1.5312792E+000
 1.2611028E+001
 2.0387030E+000
 1.5336934E+000
 1.2627927E+001
 2.0332903E+000
 1.5124529E+000
 1.2501715E+001
 1.9459057E+000
 1.4326353E+000
 1.2014691E+001
 1.6066834E+000
 1.4327961E+000
 1.2011305E+001
 1.6070649E+000
 1.4373020E+000
 1.2034224E+001
 1.5978277E+000
 1.3896339E+000
 1.1736362E+001
 1.4090584E+000
 1.2590078E+000
 1.0878840E+001
 8.9506592E-001
 1.2594605E+000
 1.0872543E+001
 8.9502320E-001
 1.2632371E+000
 1.0882728E+001
 8.8801613E-001
 1.2032300E+000
 1.0479177E+001
 6.7329672E-001
 1.0819612E+000
 9.6187521E+000
 2.5489834E-001
 1.0820573E+000
 9.6143954E+000
 2.5424220E-001
 1.0837281E+000
 9.6180204E+000
 2.5099371E-001
 1.0520902E+000
 9.3893530E+000
 1.5576540E-001
 1.0001986E+000
 9.0014928E+000
 5.9776145E-004
 1.0001039E+000
 9.0007943E+000
 2.9367904E-004
 1.0001079E+000
 9.0008136E+000
 2.8397939E-004
 1.0000336E+000
 9.0002562E+000
 9.2272143E-005
 1.0000001E+000
 9.0000005E+000
 1.6220193E-007
 1.5878822E+000
 1.2945298E+001
 2.2801212E+000
 1.5878238E+000
 1.2944899E+001
 2.2802496E+000
 1.5877854E+000
 1.2945000E+001
 2.2802951E+000
 1.5875923E+000
 1.2944254E+001
 2.2795882E+000
 1.5875663E+000
 1.2944082E+001
 2.2796340E+000
 1.5875055E+000
 1.2943666E+001
 2.2797673E+000
 1.5874621E+000
 1.2943735E+001
 2.2797896E+000
 1.5872387E+000
 1.2942811E+001
 2.2789467E+000
 1.5872119E+000
 1.2942633E+001
 2.2789937E+000
 1.5871508E+000
 1.2942215E+001
 2.2791272E+000
 1.5871004E+000
 1.2942240E+001
 2.2791177E+000
 1.5868346E+000
 1.2941069E+001
 2.2780844E+000
 1.5868070E+000
 1.2940885E+001
 2.2781327E+000
 1.5867479E+000
 1.2940481E+001
 2.2782618E+000
 1.5866829E+000
 1.2940416E+001
 2.2781884E+000
 1.5863213E+000
 1.2938691E+001
 2.2767253E+000
 1.5862895E+000
 1.2938480E+001
 2.2767805E+000
 1.5862300E+000
 1.2938073E+001
 2.2769100E+000
 1.5861203E+000
 1.2937746E+001
 2.2766462E+000
 1.5854538E+000
 1.2934271E+001
 2.2738189E+000
 1.5854075E+000
 1.2933961E+001
 2.2738988E+000
 1.5853531E+000
 1.2933590E+001
 2.2740168E+000
 1.5850695E+000
 1.2932253E+001
 2.2730219E+000
 1.5832584E+000
 1.2922215E+001
 2.2650823E+000
 1.5831759E+000
 1.2921664E+001
 2.2652218E+000
 1.5832214E+000
 1.2921975E+001
 2.2651231E+000
 1.5822124E+000
 1.2916436E+001
 2.2610897E+000
 1.5759940E+000
 1.2881051E+001
 2.2335331E+000
 1.5758102E+000
 1.2879818E+001
 2.2338361E+000
 1.5762945E+000
 1.2883140E+001
 2.2327842E+000
 1.5724107E+000
 1.2860873E+001
 2.2167495E+000
 1.5509626E+000
 1.2736681E+001
 2.1220562E+000
 1.5506136E+000
 1.2734322E+001
 2.1225934E+000
 1.5523510E+000
 1.2746361E+001
 2.1187618E+000
 1.5388448E+000
 1.2667007E+001
 2.0629478E+000
 1.4782590E+000
 1.2304313E+001
 1.8011751E+000
 1.4780212E+000
 1.2302159E+001
 1.8013943E+000
 1.4815526E+000
 1.2324998E+001
 1.7935867E+000
 1.4464724E+000
 1.2109489E+001
 1.6517211E+000
 1.3314787E+000
 1.1374085E+001
 1.1819043E+000
 1.3318418E+000
 1.1370105E+001
 1.1818399E+000
 1.3360479E+000
 1.1388111E+001
 1.1734024E+000
 1.2815579E+000
 1.1030313E+001
 9.6885152E-001
 1.1527267E+000
 1.0139855E+001
 4.9698786E-001
 1.1529354E+000
 1.0134578E+001
 4.9657195E-001
 1.1554105E+000
 1.0140834E+001
 4.9188382E-001
 1.1129104E+000
 9.8407870E+000
 3.5331118E-001
 1.0346094E+000
 9.2654967E+000
 1.0339652E-001
 1.0346514E+000
 9.2637969E+000
 1.0284235E-001
 1.0355520E+000
 9.2671409E+000
 1.0085801E-001
 1.0219400E+000
 9.1662941E+000
 6.2897806E-002
 1.0000959E+000
 9.0007330E+000
 2.7629070E-004
 1.0000570E+000
 9.0004372E+000
 1.6180173E-004
 1.0000590E+000
 9.0004471E+000
 1.5689222E-004
 1.0000239E+000
 9.0001826E+000
 6.5815651E-005
 1.0000001E+000
 9.0000004E+000
 1.4662219E-007
 1.0000000E+000
 9.0000001E+000
 3.0827918E-008
 1.0000000E+000
 9.0000001E+000
 2.9734837E-008
 1.5879247E+000
 1.2953060E+001
 2.2811342E+000
 1.5877235E+000
 1.2952276E+001
 2.2803904E+000
 1.5877001E+000
 1.2952121E+001
 2.2804313E+000
 1.5876426E+000
 1.2951728E+001
 2.2805574E+000
 1.5876019E+000
 1.2951807E+001
 2.2805847E+000
 1.5873670E+000
 1.2950821E+001
 2.2796874E+000
 1.5873422E+000
 1.2950657E+001
 2.2797307E+000
 1.5872817E+000
 1.2950243E+001
 2.2798629E+000
 1.5872333E+000
 1.2950270E+001
 2.2798528E+000
 1.5869420E+000
 1.2948951E+001
 2.2787000E+000
 1.5869158E+000
 1.2948778E+001
 2.2787455E+000
 1.5868564E+000
 1.2948372E+001
 2.2788750E+000
 1.5867877E+000
 1.2948274E+001
 2.2787751E+000
 1.5863363E+000
 1.2946028E+001
 2.2769018E+000
 1.5863077E+000
 1.2945838E+001
 2.2769509E+000
 1.5862622E+000
 1.2945528E+001
 2.2770496E+000
 1.5861164E+000
 1.2944976E+001
 2.2766211E+000
 1.5850649E+000
 1.2939284E+001
 2.2720588E+000
 1.5850230E+000
 1.2939006E+001
 2.2721291E+000
 1.5850302E+000
 1.2939055E+001
 2.2721135E+000
 1.5845471E+000
 1.2936544E+001
 2.2702670E+000
 1.5810677E+000
 1.2916911E+001
 2.2548562E+000
 1.5809666E+000
 1.2916237E+001
 2.2550224E+000
 1.5811787E+000
 1.2917687E+001
 2.2545625E+000
 1.5792412E+000
 1.2906731E+001
 2.2466287E+000
 1.5664914E+000
 1.2833474E+001
 2.1900421E+000
 1.5662387E+000
 1.2831780E+001
 2.1904440E+000
 1.5672328E+000
 1.2838614E+001
 2.1882737E+000
 1.5597333E+000
 1.2795027E+001
 2.1572001E+000
 1.5185525E+000
 1.2552758E+001
 1.9767456E+000
 1.5182149E+000
 1.2550481E+001
 1.9771540E+000
 1.5208995E+000
 1.2569297E+001
 1.9711076E+000
 1.4975839E+000
 1.2429260E+001
 1.8756073E+000
 1.4027804E+000
 1.1841852E+001
 1.4762766E+000
 1.4028202E+000
 1.1839662E+001
 1.4761778E+000
 1.4068052E+000
 1.1862701E+001
 1.4675462E+000
 1.3606688E+000
 1.1567258E+001
 1.2868268E+000
 1.2291755E+000
 1.0685419E+001
 7.7793129E-001
 1.2294346E+000
 1.0680723E+001
 7.7759933E-001
 1.2326016E+000
 1.0692015E+001
 7.7138502E-001
 1.1839651E+000
 1.0357285E+001
 6.0142065E-001
 1.0810934E+000
 9.6172285E+000
 2.5139213E-001
 1.0811898E+000
 9.6141410E+000
 2.5083963E-001
 1.0827558E+000
 9.6192712E+000
 2.4761871E-001
 1.0578557E+000
 9.4375583E+000
 1.7301272E-001
 1.0142188E+000
 9.1099193E+000
 4.1683277E-002
 1.0142269E+000
 9.1092003E+000
 4.1380442E-002
 1.0146344E+000
 9.1109903E+000
 4.0439474E-002
 1.0090429E+000
 9.0690497E+000
 2.5420849E-002
 1.0000454E+000
 9.0003492E+000
 1.2930651E-004
 1.0000295E+000
 9.0002269E+000
 8.3965074E-005
 1.0000305E+000
 9.0002318E+000
 8.1573012E-005
 1.0000138E+000
 9.0001055E+000
 3.8057918E-005
 1.0000000E+000
 9.0000003E+000
 1.0069937E-007
 1.0000000E+000
 9.0000001E+000
 3.4090929E-008
 1.0000000E+000
 9.0000001E+000
 3.3006074E-008
 1.0000000E+000
 9.0000000E+000
 7.1620541E-009
 1.0000000E+000
 9.0000000E+000
 1.2298296E-011
 1.5878235E+000
 1.2957486E+001
 2.2808145E+000
 1.5877657E+000
 1.2957092E+001
 2.2809411E+000
 1.5877317E+000
 1.2957147E+001
 2.2809544E+000
 1.5874867E+000
 1.2956039E+001
 2.2799795E+000
 1.5874624E+000
 1.2955878E+001
 2.2800217E+000
 1.5874009E+000
 1.2955459E+001
 2.2801559E+000
 1.5873582E+000
 1.2955450E+001
 2.2801243E+000
 1.5870349E+000
 1.2953876E+001
 2.2787917E+000
 1.5870079E+000
 1.2953697E+001
 2.2788383E+000
 1.5869457E+000
 1.2953274E+001
 2.2789737E+000
 1.5868741E+000
 1.2953084E+001
 2.2788124E+000
 1.5862801E+000
 1.2949944E+001
 2.2762593E+000
 1.5862472E+000
 1.2949727E+001
 2.2763152E+000
 1.5862012E+000
 1.2949413E+001
 2.2764151E+000
 1.5860004E+000
 1.2948462E+001
 2.2757037E+000
 1.5842678E+000
 1.2938783E+001
 2.2680436E+000
 1.5842144E+000
 1.2938429E+001
 2.2681319E+000
 1.5842665E+000
 1.2938785E+001
 2.2680188E+000
 1.5834545E+000
 1.2934282E+001
 2.2647393E+000
 1.5769236E+000
 1.2896990E+001
 2.2356454E+000
 1.5767887E+000
 1.2896093E+001
 2.2358610E+000
 1.5772582E+000
 1.2899302E+001
 2.2348413E+000
 1.5737557E+000
 1.2879125E+001
 2.2203166E+000
 1.5496503E+000
 1.2739229E+001
 2.1135474E+000
 1.5493363E+000
 1.2737124E+001
 2.1140161E+000
 1.5510504E+000
 1.2748965E+001
 2.1102377E+000
 1.5379021E+000
 1.2671428E+001
 2.0558588E+000
 1.4690344E+000
 1.2257144E+001
 1.7583273E+000
 1.4688042E+000
 1.2255655E+001
 1.7583070E+000
 1.4721633E+000
 1.2279593E+001
 1.7505013E+000
 1.4377913E+000
 1.2066800E+001
 1.6121211E+000
 1.3143416E+000
 1.1269934E+001
 1.1108911E+000
 1.3145025E+000
 1.1266969E+001
 1.1105297E+000
 1.3181264E+000
 1.1285245E+001
 1.1028752E+000
 1.2686388E+000
 1.0954602E+001
 9.1853821E-001
 1.1439355E+000
 1.0082096E+001
 4.6530600E-001
 1.1440614E+000
 1.0078066E+001
 4.6479193E-001
 1.1462662E+000
 1.0085673E+001
 4.6038955E-001
 1.1105223E+000
 9.8301039E+000
 3.4488807E-001
 1.0403249E+000
 9.3105958E+000
 1.2113342E-001
 1.0403678E+000
 9.3090556E+000
 1.2069516E-001
 1.0412669E+000
 9.3126946E+000
 1.1871495E-001
 1.0282693E+000
 9.2159135E+000
 8.2031389E-002
 1.0058959E+000
 9.0457584E+000
 1.7150985E-002
 1.0058928E+000
 9.0454302E+000
 1.7004678E-002
 1.0060646E+000
 9.0462408E+000
 1.6601152E-002
 1.0037703E+000
 9.0289149E+000
 1.0525986E-002
 1.0000215E+000
 9.0001662E+000
 6.1226137E-005
 1.0000149E+000
 9.0001152E+000
 4.2636533E-005
 1.0000154E+000
 9.0001176E+000
 4.1488928E-005
 1.0000075E+000
 9.0000574E+000
 2.0715615E-005
 1.0000000E+000
 9.0000002E+000
 6.2847901E-008
 1.0000000E+000
 9.0000001E+000
 2.6804399E-008
 1.0000000E+000
 9.0000001E+000
 2.6022383E-008
 1.0000000E+000
 9.0000000E+000
 8.2884171E-009
 1.0000000E+000
 9.0000000E+000
 1.6713690E-011
 1.0000000E+000
 9.0000000E+000
 2.4814851E-012
 1.0000000E+000
 9.0000000E+000
 2.4010954E-012
 1.5878567E+000
 1.2961181E+001
 2.2811334E+000
 1.5875990E+000
 1.2959966E+001
 2.2800824E+000
 1.5875733E+000
 1.2959797E+001
 2.2801268E+000
 1.5875179E+000
 1.2959420E+001
 2.2802475E+000
 1.5874783E+000
 1.2959397E+001
 2.2802075E+000
 1.5871086E+000
 1.2957527E+001
 2.2786487E+000
 1.5870798E+000
 1.2957338E+001
 2.2786980E+000
 1.5870266E+000
 1.2956976E+001
 2.2788138E+000
 1.5869458E+000
 1.2956705E+001
 2.2785949E+000
 1.5861238E+000
 1.2952233E+001
 2.2750008E+000
 1.5860865E+000
 1.2951988E+001
 2.2750637E+000
 1.5860602E+000
 1.2951809E+001
 2.2751207E+000
 1.5857717E+000
 1.2950329E+001
 2.2740262E+000
 1.5828823E+000
 1.2933992E+001
 2.2611594E+000
 1.5828092E+000
 1.2933509E+001
 2.2612789E+000
 1.5829384E+000
 1.2934389E+001
 2.2609987E+000
 1.5816008E+000
 1.2926820E+001
 2.2555076E+000
 1.5698033E+000
 1.2859046E+001
 2.2029053E+000
 1.5696046E+000
 1.2857727E+001
 2.2032177E+000
 1.5704188E+000
 1.2863299E+001
 2.2014438E+000
 1.5644063E+000
 1.2828355E+001
 2.1764720E+000
 1.5224887E+000
 1.2582095E+001
 1.9919735E+000
 1.5221590E+000
 1.2579889E+001
 1.9923881E+000
 1.5247099E+000
 1.2597664E+001
 1.9866747E+000
 1.5037706E+000
 1.2471996E+001
 1.9007890E+000
 1.4032129E+000
 1.1849217E+001
 1.4759318E+000
 1.4030668E+000
 1.1848431E+001
 1.4753601E+000
 1.4066014E+000
 1.1872983E+001
 1.4670371E+000
 1.3634064E+000
 1.1595280E+001
 1.2978636E+000
 1.2267277E+000
 1.0674495E+001
 7.6812127E-001
 1.2268442E+000
 1.0670853E+001
 7.6757669E-001
 1.2296903E+000
 1.0683485E+001
 7.6168731E-001
 1.1853388E+000
 1.0375103E+001
 6.0659607E-001
 1.0837372E+000
 9.6396629E+000
 2.6010279E-001
 1.0837936E+000
 9.6370118E+000
 2.5956566E-001
 1.0852572E+000
 9.6426942E+000
 2.5648383E-001
 1.0624731E+000
 9.4752742E+000
 1.8783869E-001
 1.0195269E+000
 9.1514177E+000
 5.7648888E-002
 1.0195409E+000
 9.1506600E+000
 5.7376049E-002
 1.0200092E+000
 9.1527922E+000
 5.6304436E-002
 1.0135916E+000
 9.1044423E+000
 3.8794040E-002
 1.0025082E+000
 9.0195129E+000
 7.2761305E-003
 1.0025039E+000
 9.0193585E+000
 7.2073699E-003
 1.0025756E+000
 9.0197109E+000
 7.0378852E-003
 1.0016144E+000
 9.0124193E+000
 4.5015943E-003
 1.0000103E+000
 9.0000800E+000
 2.9447141E-005
 1.0000075E+000
 9.0000583E+000
 2.1560228E-005
 1.0000078E+000
 9.0000594E+000
 2.1010225E-005
 1.0000040E+000
 9.0000305E+000
 1.1021151E-005
 1.0000000E+000
 9.0000001E+000
 3.7503779E-008
 1.0000000E+000
 9.0000001E+000
 1.8450182E-008
 1.0000000E+000
 9.0000001E+000
 1.7948158E-008
 1.0000000E+000
 9.0000000E+000
 6.8171610E-009
 1.0000000E+000
 9.0000000E+000
 1.5554683E-011
 1.0000000E+000
 9.0000000E+000
 3.9174520E-012
 1.0000000E+000
 9.0000000E+000
 3.8006501E-012
 1.0000000E+000
 9.0000000E+000
 6.2270164E-013
 1.0000000E+000
 9.0000000E+000
 1.6921485E-015
 1.5876865E+000
 1.2964473E+001
 2.2803698E+000
 1.5876444E+000
 1.2964186E+001
 2.2804616E+000
 1.5876003E+000
 1.2964235E+001
 2.2804583E+000
 1.5871625E+000
 1.2962099E+001
 2.2786417E+000
 1.5871396E+000
 1.2961949E+001
 2.2786809E+000
 1.5871043E+000
 1.2961710E+001
 2.2787574E+000
 1.5870032E+000
 1.2961438E+001
 2.2785209E+000
 1.5858308E+000
 1.2955105E+001
 2.2734065E+000
 1.5857984E+000
 1.2954893E+001
 2.2734602E+000
 1.5858082E+000
 1.2954959E+001
 2.2734391E+000
 1.5853886E+000
 1.2952857E+001
 2.2718746E+000
 1.5806070E+000
 1.2925810E+001
 2.2505769E+000
 1.5805230E+000
 1.2925258E+001
 2.2507108E+000
 1.5807904E+000
 1.2927078E+001
 2.2501309E+000
 1.5786422E+000
 1.2914944E+001
 2.2413391E+000
 1.5582123E+000
 1.2797001E+001
 2.1504321E+000
 1.5579592E+000
 1.2795323E+001
 2.1508159E+000
 1.5592840E+000
 1.2804414E+001
 2.1479130E+000
 1.5494594E+000
 1.2746918E+001
 2.1072738E+000
 1.4827468E+000
 1.2348283E+001
 1.8168537E+000
 1.4824614E+000
 1.2346409E+001
 1.8170205E+000
 1.4856724E+000
 1.2369078E+001
 1.8096599E+000
 1.4556681E+000
 1.2184677E+001
 1.6883888E+000
 1.3268743E+000
 1.1358848E+001
 1.1607633E+000
 1.3268120E+000
 1.1357245E+001
 1.1600304E+000
 1.3300559E+000
 1.1377568E+001
 1.1525864E+000
 1.2836115E+000
 1.1066180E+001
 9.7751571E-001
 1.1520378E+000
 1.0144628E+001
 4.9392732E-001
 1.1520818E+000
 1.0141227E+001
 4.9327939E-001
 1.1541698E+000
 1.0150096E+001
 4.8893060E-001
 1.1199098E+000
 9.9038445E+000
 3.7696805E-001
 1.0464101E+000
 9.3582401E+000
 1.4023429E-001
 1.0464325E+000
 9.3567123E+000
 1.3980844E-001
 1.0473356E+000
 9.3606961E+000
 1.3780780E-001
 1.0340811E+000
 9.2615360E+000
 9.9878206E-002
 1.0094594E+000
 9.0736350E+000
 2.7688602E-002
 1.0094609E+000
 9.0732524E+000
 2.7535573E-002
 1.0096919E+000
 9.0743784E+000
 2.6996200E-002
 1.0065726E+000
 9.0507075E+000
 1.8618168E-002
 1.0011012E+000
 9.0085819E+000
 3.1922596E-003
 1.0010980E+000
 9.0085081E+000
 3.1596921E-003
 1.0011284E+000
 9.0086622E+000
 3.0875988E-003
 1.0007138E+000
 9.0055053E+000
 1.9924760E-003
 1.0000051E+000
 9.0000392E+000
 1.4434184E-005
 1.0000038E+000
 9.0000297E+000
 1.0970642E-005
 1.0000039E+000
 9.0000302E+000
 1.0704856E-005
 1.0000021E+000
 9.0000161E+000
 5.8323305E-006
 1.0000000E+000
 9.0000001E+000
 2.1924579E-008
 1.0000000E+000
 9.0000000E+000
 1.1910922E-008
 1.0000000E+000
 9.0000000E+000
 1.1606240E-008
 1.0000000E+000
 9.0000000E+000
 4.9059686E-009
 1.0000000E+000
 9.0000000E+000
 1.2424985E-011
 1.0000000E+000
 9.0000000E+000
 4.1041168E-012
 1.0000000E+000
 9.0000000E+000
 3.9924812E-012
 1.0000000E+000
 9.0000000E+000
 1.0258071E-012
 1.0000000E+000
 9.0000000E+000
 2.7257784E-015
 1.0000000E+000
 9.0000000E+000
 1.1498475E-015
 1.0000000E+000
 9.0000000E+000
 8.5460903E-016
 1.5877073E+000
 1.2968013E+001
 2.2806058E+000
 1.5871922E+000
 1.2965412E+001
 2.2784253E+000
 1.5871705E+000
 1.2965271E+001
 2.2784620E+000
 1.5871343E+000
 1.2965026E+001
 2.2785404E+000
 1.5870242E+000
 1.2964654E+001
 2.2782345E+000
 1.5853597E+000
 1.2955450E+001
 2.2708736E+000
 1.5853253E+000
 1.2955226E+001
 2.2709298E+000
 1.5853531E+000
 1.2955415E+001
 2.2708695E+000
 1.5847819E+000
 1.2952355E+001
 2.2686199E+000
 1.5770356E+000
 1.2908141E+001
 2.2339661E+000
 1.5769240E+000
 1.2907409E+001
 2.2341419E+000
 1.5773543E+000
 1.2910337E+001
 2.2332079E+000
 1.5740361E+000
 1.2891245E+001
 2.2194576E+000
 1.5403264E+000
 1.2694801E+001
 2.0698436E+000
 1.5400226E+000
 1.2692787E+001
 2.0702759E+000
 1.5419679E+000
 1.2706203E+001
 2.0659731E+000
 1.5268584E+000
 1.2616438E+001
 2.0036312E+000
 1.4303085E+000
 1.2026176E+001
 1.5900033E+000
 1.4301031E+000
 1.2024943E+001
 1.5897130E+000
 1.4336070E+000
 1.2050088E+001
 1.5814384E+000
 1.3954388E+000
 1.1808049E+001
 1.4303384E+000
 1.2496107E+000
 1.0837902E+001
 8.5540910E-001
 1.2495645E+000
 1.0835440E+001
 8.5454547E-001
 1.2522547E+000
 1.0850672E+001
 8.4851781E-001
 1.2088060E+000
 1.0548618E+001
 6.9312536E-001
 1.0961542E+000
 9.7345799E+000
 3.0141614E-001
 1.0961581E+000
 9.7320395E+000
 3.0078911E-001
 1.0976243E+000
 9.7385869E+000
 2.9762946E-001
 1.0739925E+000
 9.5644280E+000
 2.2502615E-001
 1.0251847E+000
 9.1956573E+000
 7.4833170E-002
 1.0251890E+000
 9.1948068E+000
 7.4545944E-002
 1.0257084E+000
 9.1973157E+000
 7.3354917E-002
 1.0183591E+000
 9.1417008E+000
 5.2983456E-002
 1.0046516E+000
 9.0362981E+000
 1.3562831E-002
 1.0046493E+000
 9.0361006E+000
 1.3480057E-002
 1.0047614E+000
 9.0366729E+000
 1.3215318E-002
 1.0032357E+000
 9.0250368E+000
 9.1408672E-003
 1.0004998E+000
 9.0039004E+000
 1.4488940E-003
 1.0004978E+000
 9.0038643E+000
 1.4331306E-003
 1.0005109E+000
 9.0039333E+000
 1.4016792E-003
 1.0003263E+000
 9.0025228E+000
 9.1268236E-004
 1.0000025E+000
 9.0000196E+000
 7.2269690E-006
 1.0000020E+000
 9.0000153E+000
 5.6533644E-006
 1.0000020E+000
 9.0000156E+000
 5.5231129E-006
 1.0000011E+000
 9.0000086E+000
 3.1022860E-006
 1.0000000E+000
 9.0000000E+000
 1.2731474E-008
 1.0000000E+000
 9.0000000E+000
 7.4444701E-009
 1.0000000E+000
 9.0000000E+000
 7.2646606E-009
 1.0000000E+000
 9.0000000E+000
 3.3084366E-009
 1.0000000E+000
 9.0000000E+000
 9.1712165E-012
 1.0000000E+000
 9.0000000E+000
 3.5983644E-012
 1.0000000E+000
 9.0000000E+000
 3.5060109E-012
 1.0000000E+000
 9.0000000E+000
 1.1214711E-012
 1.0000000E+000
 9.0000000E+000
 2.5356144E-015
 1.0000000E+000
 9.0000000E+000
 1.1085505E-015
 1.0000000E+000
 9.0000000E+000
 9.4103385E-016
 1.0000000E+000
 9.0000000E+000
 4.3070434E-016
 1.0000000E+000
 9.0000000E+000
 6.0319532E-016
 1.5871954E+000
 1.2967450E+001
 2.2780249E+000
 1.5871487E+000
 1.2967134E+001
 2.2781261E+000
 1.5870356E+000
 1.2966669E+001
 2.2777609E+000
 1.5846947E+000
 1.2953499E+001
 2.2673041E+000
 1.5846560E+000
 1.2953247E+001
 2.2673670E+000
 1.5847062E+000
 1.2953587E+001
 2.2672584E+000
 1.5839505E+000
 1.2949375E+001
 2.2641848E+000
 1.5716542E+000
 1.2878760E+001
 2.2090687E+000
 1.5715054E+000
 1.2877785E+001
 2.2093015E+000
 1.5721726E+000
 1.2882325E+001
 2.2078507E+000
 1.5671640E+000
 1.2853204E+001
 2.1870061E+000
 1.5144363E+000
 1.2542472E+001
 1.9542990E+000
 1.5141134E+000
 1.2540340E+001
 1.9546877E+000
 1.5167212E+000
 1.2558463E+001
 1.9488386E+000
 1.4949967E+000
 1.2427189E+001
 1.8599191E+000
 1.3680934E+000
 1.1630176E+001
 1.3282298E+000
 1.3679348E+000
 1.1629424E+001
 1.3273872E+000
 1.3712554E+000
 1.1653695E+001
 1.3192775E+000
 1.3281527E+000
 1.1370651E+001
 1.1536036E+000
 1.1802410E+000
 1.0351090E+001
 5.9543698E-001
 1.1801708E+000
 1.0348318E+001
 5.9449980E-001
 1.1822629E+000
 1.0359429E+001
 5.8985435E-001
 1.1461900E+000
 1.0100780E+001
 4.6814947E-001
 1.0585006E+000
 9.4515240E+000
 1.7857491E-001
 1.0584884E+000
 9.4498519E+000
 1.7806680E-001
 1.0594629E+000
 9.4545708E+000
 1.7588019E-001
 1.0443687E+000
 9.3413579E+000
 1.3169274E-001
 1.0136520E+000
 9.1064848E+000
 4.0187957E-002
 1.0136484E+000
 9.1060097E+000
 4.0009111E-002
 1.0139342E+000
 9.1074803E+000
 3.9338811E-002
 1.0099286E+000
 9.0769376E+000
 2.8422545E-002
 1.0023380E+000
 9.0182763E+000
 6.8062124E-003
 1.0023353E+000
 9.0181726E+000
 6.7615806E-003
 1.0023899E+000
 9.0184623E+000
 6.6314328E-003
 1.0016309E+000
 9.0126505E+000
 4.6060416E-003
 1.0002344E+000
 9.0018320E+000
 6.7993711E-004
 1.0002332E+000
 9.0018139E+000
 6.7209931E-004
 1.0002391E+000
 9.0018457E+000
 6.5796616E-004
 1.0001542E+000
 9.0011951E+000
 4.3233570E-004
 1.0000013E+000
 9.0000101E+000
 3.7011665E-006
 1.0000010E+000
 9.0000080E+000
 2.9621576E-006
 1.0000011E+000
 9.0000082E+000
 2.8971988E-006
 1.0000006E+000
 9.0000046E+000
 1.6693945E-006
 1.0000000E+000
 9.0000000E+000
 7.4068083E-009
 1.0000000E+000
 9.0000000E+000
 4.5843014E-009
 1.0000000E+000
 9.0000000E+000
 4.4794662E-009
 1.0000000E+000
 9.0000000E+000
 2.1580516E-009
 1.0000000E+000
 9.0000000E+000
 6.4767529E-012
 1.0000000E+000
 9.0000000E+000
 2.8691592E-012
 1.0000000E+000
 9.0000000E+000
 2.7995939E-012
 1.0000000E+000
 9.0000000E+000
 1.0255168E-012
 1.0000000E+000
 9.0000000E+000
 2.3283324E-015
 1.0000000E+000
 9.0000000E+000
 9.9022566E-016
 1.0000000E+000
 9.0000000E+000
 5.9922695E-016
 1.0000000E+000
 9.0000000E+000
 4.8050085E-017
 1.0000000E+000
 9.0000000E+000
-2.6922859E-016
 1.0000000E+000
 9.0000000E+000
 1.6775708E-016
 1.0000000E+000
 9.0000000E+000
-2.9747479E-016
 1.5870754E+000
 1.2968620E+001
 2.2772874E+000
 1.5838357E+000
 1.2950284E+001
 2.2627567E+000
 1.5837891E+000
 1.2949982E+001
 2.2628326E+000
 1.5838634E+000
 1.2950485E+001
 2.2626718E+000
 1.5828924E+000
 1.2945023E+001
 2.2586941E+000
 1.5637694E+000
 1.2834757E+001
 2.1729988E+000
 1.5635762E+000
 1.2833494E+001
 2.1732990E+000
 1.5645733E+000
 1.2840287E+001
 2.1711236E+000
 1.5571811E+000
 1.2797034E+001
 2.1403953E+000
 1.4795086E+000
 1.2332807E+001
 1.8006713E+000
 1.4792098E+000
 1.2330878E+001
 1.8008618E+000
 1.4823815E+000
 1.2353154E+001
 1.7936133E+000
 1.4535056E+000
 1.2174992E+001
 1.6769802E+000
 1.3015174E+000
 1.1191711E+001
 1.0578959E+000
 1.3013355E+000
 1.1190961E+001
 1.0565712E+000
 1.3041139E+000
 1.1211643E+001
 1.0495529E+000
 1.2606152E+000
 1.0915507E+001
 8.8848628E-001
 1.1242034E+000
 9.9447155E+000
 3.9681619E-001
 1.1241193E+000
 9.9422352E+000
 3.9591347E-001
 1.1256844E+000
 9.9505076E+000
 3.9239166E-001
 1.0984622E+000
 9.7504236E+000
 3.0557029E-001
 1.0349299E+000
 9.2714405E+000
 1.0474626E-001
 1.0349116E+000
 9.2703944E+000
 1.0437989E-001
 1.0355245E+000
 9.2735865E+000
 1.0295775E-001
 1.0263022E+000
 9.2035792E+000
 7.6833588E-002
 1.0074825E+000
 9.0585150E+000
 2.1918642E-002
 1.0074768E+000
 9.0582467E+000
 2.1810816E-002
 1.0076313E+000
 9.0590815E+000
 2.1442559E-002
 1.0054446E+000
 9.0423170E+000
 1.5529036E-002
 1.0012047E+000
 9.0094304E+000
 3.5053016E-003
 1.0012025E+000
 9.0093749E+000
 3.4809282E-003
 1.0012295E+000
 9.0095234E+000
 3.4160024E-003
 1.0008436E+000
 9.0065583E+000
 2.3846832E-003
 1.0001136E+000
 9.0008887E+000
 3.2962224E-004
 1.0001129E+000
 9.0008795E+000
 3.2561259E-004
 1.0001156E+000
 9.0008946E+000
 3.1906358E-004
 1.0000753E+000
 9.0005848E+000
 2.1158548E-004
 1.0000007E+000
 9.0000053E+000
 1.9403955E-006
 1.0000006E+000
 9.0000043E+000
 1.5820119E-006
 1.0000006E+000
 9.0000044E+000
 1.5489718E-006
 1.0000003E+000
 9.0000025E+000
 9.1249168E-007
 1.0000000E+000
 9.0000000E+000
 4.3409769E-009
 1.0000000E+000
 9.0000000E+000
 2.8112411E-009
 1.0000000E+000
 9.0000000E+000
 2.7502642E-009
 1.0000000E+000
 9.0000000E+000
 1.3856469E-009
 1.0000000E+000
 9.0000000E+000
 4.4638706E-012
 1.0000000E+000
 9.0000000E+000
 2.1655306E-012
 1.0000000E+000
 9.0000000E+000
 2.1157481E-012
 1.0000000E+000
 9.0000000E+000
 8.5169992E-013
 1.0000000E+000
 9.0000000E+000
 2.3680826E-015
 1.0000000E+000
 9.0000000E+000
 7.3128022E-016
 1.0000000E+000
 9.0000000E+000
 2.2240191E-016
 1.0000000E+000
 9.0000000E+000
-9.6496874E-017
 1.0000000E+000
 9.0000000E+000
-1.9776933E-016
 1.0000000E+000
 9.0000000E+000
-3.7336242E-016
 1.0000000E+000
 9.0000000E+000
-9.8436799E-016
 1.0000000E+000
 9.0000000E+000
-1.2598151E-015
 1.0000000E+000
 9.0000000E+000
-4.8857642E-016
 1.5827343E+000
 1.2946536E+001
 2.2574469E+000
 1.5828414E+000
 1.2947259E+001
 2.2572153E+000
 1.5816334E+000
 1.2940542E+001
 2.2523107E+000
 1.5525427E+000
 1.2772119E+001
 2.1221670E+000
 1.5523055E+000
 1.2770571E+001
 2.1225302E+000
 1.5537156E+000
 1.2780201E+001
 2.1194385E+000
 1.5430939E+000
 1.2717667E+001
 2.0754722E+000
 1.4358475E+000
 1.2065395E+001
 1.6122741E+000
 1.4355970E+000
 1.2063893E+001
 1.6120887E+000
 1.4390720E+000
 1.2088624E+001
 1.6039618E+000
 1.4038306E+000
 1.1865672E+001
 1.4642610E+000
 1.2367648E+000
 1.0751403E+001
 8.0588794E-001
 1.2365040E+000
 1.0750174E+001
 8.0430974E-001
 1.2387007E+000
 1.0766103E+001
 7.9873302E-001
 1.1989707E+000
 1.0486202E+001
 6.5781389E-001
 1.0827557E+000
 9.6364442E+000
 2.5727587E-001
 1.0826747E+000
 9.6345250E+000
 2.5650872E-001
 1.0838003E+000
 9.6407003E+000
 2.5390437E-001
 1.0646421E+000
 9.4972281E+000
 1.9566261E-001
 1.0207953E+000
 9.1623245E+000
 6.1675750E-002
 1.0207762E+000
 9.1616783E+000
 6.1427444E-002
 1.0211466E+000
 9.1637260E+000
 6.0545114E-002
 1.0156207E+000
 9.1214254E+000
 4.5200298E-002
 1.0041734E+000
 9.0326979E+000
 1.2195613E-002
 1.0041681E+000
 9.0325446E+000
 1.2130996E-002
 1.0042515E+000
 9.0330154E+000
 1.1929218E-002
 1.0030437E+000
 9.0237150E+000
 8.6708529E-003
 1.0006370E+000
 9.0049928E+000
 1.8536531E-003
 1.0006354E+000
 9.0049625E+000
 1.8400736E-003
 1.0006491E+000
 9.0050401E+000
 1.8070098E-003
 1.0004482E+000
 9.0034915E+000
 1.2687067E-003
 1.0000568E+000
 9.0004449E+000
 1.6491823E-004
 1.0000564E+000
 9.0004400E+000
 1.6280748E-004
 1.0000577E+000
 9.0004474E+000
 1.5967842E-004
 1.0000379E+000
 9.0002953E+000
 1.0687822E-004
 1.0000004E+000
 9.0000028E+000
 1.0418170E-006
 1.0000003E+000
 9.0000023E+000
 8.6252807E-007
 1.0000003E+000
 9.0000024E+000
 8.4536575E-007
 1.0000002E+000
 9.0000014E+000
 5.0791545E-007
 1.0000000E+000
 9.0000000E+000
 2.5724464E-009
 1.0000000E+000
 9.0000000E+000
 1.7286376E-009
 1.0000000E+000
 9.0000000E+000
 1.6930273E-009
 1.0000000E+000
 9.0000000E+000
 8.8520582E-010
 1.0000000E+000
 9.0000000E+000
 3.0388866E-012
 1.0000000E+000
 9.0000000E+000
 1.5831265E-012
 1.0000000E+000
 9.0000000E+000
 1.5486859E-012
 1.0000000E+000
 9.0000000E+000
 6.6976251E-013
 1.0000000E+000
 9.0000000E+000
 1.8704629E-015
 1.0000000E+000
 9.0000000E+000
 6.6551283E-016
 1.0000000E+000
 9.0000000E+000
 6.9481829E-016
 1.0000000E+000
 9.0000000E+000
-9.6902489E-017
 1.0000000E+000
 9.0000000E+000
-3.6837337E-016
 1.0000000E+000
 9.0000000E+000
 2.0550724E-016
 1.0000000E+000
 9.0000000E+000
-2.7659738E-016
 1.0000000E+000
 9.0000000E+000
-5.3523410E-016
 1.0000000E+000
 9.0000000E+000
-6.7279107E-016
 1.0000000E+000
 9.0000000E+000
-6.3153711E-016
 1.0000000E+000
 9.0000000E+000
-8.1384156E-016
 1.5801901E+000
 1.2935514E+001
 2.2451006E+000
 1.5370825E+000
 1.2684413E+001
 2.0527182E+000
 1.5368154E+000
 1.2682674E+001
 2.0531101E+000
 1.5386947E+000
 1.2695560E+001
 2.0489597E+000
 1.5239975E+000
 1.2608123E+001
 1.9883981E+000
 1.3854001E+000
 1.1747639E+001
 1.3994069E+000
 1.3851733E+000
 1.1746474E+001
 1.3987180E+000
 1.3885921E+000
 1.1771164E+001
 1.3905131E+000
 1.3491493E+000
 1.1514383E+001
 1.2378571E+000
 1.1790241E+000
 1.0345858E+001
 5.9126687E-001
 1.1787546E+000
 1.0344039E+001
 5.8970409E-001
 1.1804678E+000
 1.0355905E+001
 5.8539712E-001
 1.1471106E+000
 1.0113774E+001
 4.7232173E-001
 1.0540855E+000
 9.4192604E+000
 1.6476113E-001
 1.0540147E+000
 9.4178858E+000
 1.6416908E-001
 1.0547897E+000
 9.4223643E+000
 1.6231891E-001
 1.0419054E+000
 9.3245472E+000
 1.2455467E-001
 1.0124762E+000
 9.0976797E+000
 3.6761880E-002
 1.0124591E+000
 9.0972805E+000
 3.6598011E-002
 1.0126784E+000
 9.0985563E+000
 3.6064072E-002
 1.0093765E+000
 9.0731237E+000
 2.6993319E-002
 1.0023765E+000
 9.0186460E+000
 6.9368449E-003
 1.0023722E+000
 9.0185571E+000
 6.8978028E-003
 1.0024177E+000
 9.0188246E+000
 6.7861933E-003
 1.0017392E+000
 9.0135800E+000
 4.9550476E-003
 1.0003458E+000
 9.0027131E+000
 1.0064474E-003
 1.0003447E+000
 9.0026962E+000
 9.9870444E-004
 1.0003517E+000
 9.0027377E+000
 9.8147096E-004
 1.0002446E+000
 9.0019091E+000
 6.9344091E-004
 1.0000293E+000
 9.0002296E+000
 8.5077820E-005
 1.0000290E+000
 9.0002270E+000
 8.3934970E-005
 1.0000297E+000
 9.0002307E+000
 8.2394277E-005
 1.0000197E+000
 9.0001538E+000
 5.5669560E-005
 1.0000002E+000
 9.0000016E+000
 5.7293760E-007
 1.0000002E+000
 9.0000013E+000
 4.8050148E-007
 1.0000002E+000
 9.0000013E+000
 4.7138989E-007
 1.0000001E+000
 9.0000008E+000
 2.8835871E-007
 1.0000000E+000
 9.0000000E+000
 1.5452304E-009
 1.0000000E+000
 9.0000000E+000
 1.0707769E-009
 1.0000000E+000
 9.0000000E+000
 1.0498080E-009
 1.0000000E+000
 9.0000000E+000
 5.6656551E-010
 1.0000000E+000
 9.0000000E+000
 2.0589115E-012
 1.0000000E+000
 9.0000000E+000
 1.1356997E-012
 1.0000000E+000
 9.0000000E+000
 1.1127075E-012
 1.0000000E+000
 9.0000000E+000
 5.0918192E-013
 1.0000000E+000
 9.0000000E+000
 1.6818874E-015
 1.0000000E+000
 9.0000000E+000
 8.8089542E-016
 1.0000000E+000
 9.0000000E+000
 7.3559684E-016
 1.0000000E+000
 9.0000000E+000
 2.6762265E-016
 1.0000000E+000
 9.0000000E+000
 4.4280679E-016
 1.0000000E+000
 9.0000000E+000
 1.4094617E-016
 1.0000000E+000
 9.0000000E+000
-4.0566065E-016
 1.0000000E+000
 9.0000000E+000
-7.0854883E-016
 1.0000000E+000
 9.0000000E+000
-6.9405455E-016
 1.0000000E+000
 9.0000000E+000
-1.9287560E-016
 1.0000000E+000
 9.0000000E+000
-5.6266057E-016
 1.0000000E+000
 9.0000000E+000
-4.5385767E-016
 1.0000000E+000
 9.0000000E+000
-1.6078587E-016
 1.5164333E+000
 1.2563344E+001
 1.9621827E+000
 1.5187676E+000
 1.2579439E+001
 1.9569763E+000
 1.4994034E+000
 1.2462508E+001
 1.8776080E+000
 1.3313958E+000
 1.1395648E+001
 1.1774932E+000
 1.3311450E+000
 1.1394549E+001
 1.1762389E+000
 1.3342286E+000
 1.1417151E+001
 1.1686364E+000
 1.2935548E+000
 1.1144277E+001
 1.0157079E+000
 1.1313941E+000
 1.0000309E+001
 4.2202841E-001
 1.1311464E+000
 9.9984290E+000
 4.2056620E-001
 1.1324789E+000
 1.0007532E+001
 4.1719827E-001
 1.1062190E+000
 9.8127776E+000
 3.3222678E-001
 1.0351194E+000
 9.2737483E+000
 1.0548327E-001
 1.0350598E+000
 9.2727968E+000
 1.0505173E-001
 1.0355738E+000
 9.2759278E+000
 1.0378786E-001
 1.0271210E+000
 9.2111114E+000
 7.9630513E-002
 1.0075911E+000
 9.0595595E+000
 2.2284683E-002
 1.0075772E+000
 9.0593117E+000
 2.2177213E-002
 1.0077063E+000
 9.0600991E+000
 2.1856363E-002
 1.0057187E+000
 9.0447151E+000
 1.6423594E-002
 1.0013835E+000
 9.0108685E+000
 4.0369333E-003
 1.0013803E+000
 9.0108162E+000
 4.0129700E-003
 1.0014055E+000
 9.0109704E+000
 3.9502515E-003
 1.0010168E+000
 9.0079558E+000
 2.8994730E-003
 1.0001926E+000
 9.0015130E+000
 5.6089270E-004
 1.0001919E+000
 9.0015033E+000
 5.5636931E-004
 1.0001956E+000
 9.0015260E+000
 5.4716647E-004
 1.0001370E+000
 9.0010717E+000
 3.8921546E-004
 1.0000155E+000
 9.0001221E+000
 4.5213226E-005
 1.0000154E+000
 9.0001206E+000
 4.4577213E-005
 1.0000157E+000
 9.0001226E+000
 4.3795966E-005
 1.0000106E+000
 9.0000825E+000
 2.9872875E-005
 1.0000001E+000
 9.0000009E+000
 3.2271907E-007
 1.0000001E+000
 9.0000007E+000
 2.7365006E-007
 1.0000001E+000
 9.0000008E+000
 2.6870358E-007
 1.0000001E+000
 9.0000005E+000
 1.6713754E-007
 1.0000000E+000
 9.0000000E+000
 9.4248419E-010
 1.0000000E+000
 9.0000000E+000
 6.7029521E-010
 1.0000000E+000
 9.0000000E+000
 6.5780654E-010
 1.0000000E+000
 9.0000000E+000
 3.6500621E-010
 1.0000000E+000
 9.0000000E+000
 1.3964553E-012
 1.0000000E+000
 9.0000000E+000
 8.0779712E-013
 1.0000000E+000
 9.0000000E+000
 7.9215042E-013
 1.0000000E+000
 9.0000000E+000
 3.7941367E-013
 1.0000000E+000
 9.0000000E+000
 7.5894402E-016
 1.0000000E+000
 9.0000000E+000
-2.8015451E-016
 1.0000000E+000
 9.0000000E+000
-5.1764690E-017
 1.0000000E+000
 9.0000000E+000
-1.8326571E-016
 1.0000000E+000
 9.0000000E+000
-9.8985107E-017
 1.0000000E+000
 9.0000000E+000
 3.8345441E-017
 1.0000000E+000
 9.0000000E+000
 3.0121512E-016
 1.0000000E+000
 9.0000000E+000
 4.6624061E-016
 1.0000000E+000
 9.0000000E+000
 2.0441123E-016
 1.0000000E+000
 9.0000000E+000
-1.4110461E-016
 1.0000000E+000
 9.0000000E+000
-3.8089098E-016
 1.0000000E+000
 9.0000000E+000
-2.2175295E-016
 1.0000000E+000
 9.0000000E+000
-5.3077201E-017
 1.0000000E+000
 9.0000000E+000
 3.3467221E-016
 1.0000000E+000
 9.0000000E+000
 1.1611737E-016
 1.4695260E+000
 1.2281882E+001
 1.7450585E+000
 1.2775100E+000
 1.1034100E+001
 9.6283157E-001
 1.2771978E+000
 1.1032801E+001
 9.6103166E-001
 1.2797955E+000
 1.1052110E+001
 9.5445837E-001
 1.2407548E+000
 1.0782559E+001
 8.1253087E-001
 1.0944562E+000
 9.7262147E+000
 2.9631523E-001
 1.0942402E+000
 9.7245411E+000
 2.9505601E-001
 1.0952476E+000
 9.7315189E+000
 2.9246313E-001
 1.0755515E+000
 9.5829929E+000
 2.3127453E-001
 1.0228791E+000
 9.1790269E+000
 6.8077634E-002
 1.0228304E+000
 9.1783764E+000
 6.7770959E-002
 1.0231627E+000
 9.1805064E+000
 6.6930832E-002
 1.0176684E+000
 9.1380600E+000
 5.1479197E-002
 1.0047008E+000
 9.0369411E+000
 1.3771488E-002
 1.0046900E+000
 9.0367860E+000
 1.3700624E-002
 1.0047662E+000
 9.0372735E+000
 1.3506920E-002
 1.0035542E+000
 9.0278527E+000
 1.0198981E-002
 1.0008240E+000
 9.0064798E+000
 2.4041984E-003
 1.0008217E+000
 9.0064484E+000
 2.3892019E-003
 1.0008358E+000
 9.0065389E+000
 2.3532804E-003
 1.0006086E+000
 9.0047705E+000
 1.7373589E-003
 1.0001101E+000
 9.0008656E+000
 3.2070908E-004
 1.0001096E+000
 9.0008599E+000
 3.1800115E-004
 1.0001116E+000
 9.0008727E+000
 3.1296471E-004
 1.0000788E+000
 9.0006175E+000
 2.2422625E-004
 1.0000085E+000
 9.0000668E+000
 2.4730946E-005
 1.0000084E+000
 9.0000660E+000
 2.4367408E-005
 1.0000086E+000
 9.0000670E+000
 2.3959733E-005
 1.0000058E+000
 9.0000456E+000
 1.6500344E-005
 1.0000001E+000
 9.0000005E+000
 1.8615566E-007
 1.0000001E+000
 9.0000004E+000
 1.5936009E-007
 1.0000001E+000
 9.0000004E+000
 1.5661356E-007
 1.0000000E+000
 9.0000003E+000
 9.8959713E-008
 1.0000000E+000
 9.0000000E+000
 5.8438322E-010
 1.0000000E+000
 9.0000000E+000
 4.2497811E-010
 1.0000000E+000
 9.0000000E+000
 4.1744110E-010
 1.0000000E+000
 9.0000000E+000
 2.3746220E-010
 1.0000000E+000
 9.0000000E+000
 9.5183709E-013
 1.0000000E+000
 9.0000000E+000
 5.7296338E-013
 1.0000000E+000
 9.0000000E+000
 5.6227835E-013
 1.0000000E+000
 9.0000000E+000
 2.7969109E-013
 1.0000000E+000
 9.0000000E+000
 1.6018718E-016
 1.0000000E+000
 9.0000000E+000
-1.9052098E-016
 1.0000000E+000
 9.0000000E+000
-1.8089728E-016
 1.0000000E+000
 9.0000000E+000
-7.8540794E-016
 1.0000000E+000
 9.0000000E+000
-1.1544260E-015
 1.0000000E+000
 9.0000000E+000
-1.2494771E-015
 1.0000000E+000
 9.0000000E+000
-1.6804389E-015
 1.0000000E+000
 9.0000000E+000
-1.3556230E-015
 1.0000000E+000
 9.0000000E+000
-1.3956552E-015
 1.0000000E+000
 9.0000000E+000
-8.3176977E-016
 1.0000000E+000
 9.0000000E+000
 1.9309403E-016
 1.0000000E+000
 9.0000000E+000
 1.3611406E-016
 1.0000000E+000
 9.0000000E+000
 8.3190851E-016
 1.0000000E+000
 9.0000000E+000
 6.0355295E-016
 1.0000000E+000
 9.0000000E+000
 3.5078644E-016
 1.0000000E+000
 9.0000000E+000
 5.0932482E-016
 1.0000000E+000
 9.0000000E+000
 1.0771674E-015
 1.2267354E+000
 1.0685253E+001
 7.6585427E-001
 1.2287189E+000
 1.0700179E+001
 7.6071300E-001
 1.1934591E+000
 1.0450253E+001
 6.3709287E-001
 1.0671621E+000
 9.5202424E+000
 2.0664310E-001
 1.0669749E+000
 9.5188208E+000
 2.0564666E-001
 1.0676951E+000
 9.5239568E+000
 2.0374649E-001
 1.0533958E+000
 9.4147309E+000
 1.6074945E-001
 1.0150566E+000
 9.1181390E+000
 4.4515597E-002
 1.0150169E+000
 9.1176906E+000
 4.4300722E-002
 1.0152269E+000
 9.1191046E+000
 4.3755117E-002
 1.0116509E+000
 9.0913156E+000
 3.3792910E-002
 1.0029682E+000
 9.0233555E+000
 8.6854267E-003
 1.0029600E+000
 9.0232569E+000
 8.6382481E-003
 1.0030053E+000
 9.0235611E+000
 8.5203019E-003
 1.0022542E+000
 9.0177009E+000
 6.4694198E-003
 1.0005021E+000
 9.0039520E+000
 1.4651515E-003
 1.0005004E+000
 9.0039328E+000
 1.4555680E-003
 1.0005084E+000
 9.0039870E+000
 1.4345696E-003
 1.0003728E+000
 9.0029279E+000
 1.0657975E-003
 1.0000645E+000
 9.0005078E+000
 1.8805288E-004
 1.0000642E+000
 9.0005044E+000
 1.8639211E-004
 1.0000653E+000
 9.0005117E+000
 1.8356757E-004
 1.0000465E+000
 9.0003650E+000
 1.3251668E-004
 1.0000048E+000
 9.0000376E+000
 1.3911882E-005
 1.0000047E+000
 9.0000371E+000
 1.3698619E-005
 1.0000048E+000
 9.0000377E+000
 1.3479848E-005
 1.0000033E+000
 9.0000259E+000
 9.3737195E-006
 1.0000000E+000
 9.0000003E+000
 1.0994057E-007
 1.0000000E+000
 9.0000003E+000
 9.4900887E-008
 1.0000000E+000
 9.0000003E+000
 9.3341004E-008
 1.0000000E+000
 9.0000002E+000
 5.9870346E-008
 1.0000000E+000
 9.0000000E+000
 3.6864756E-010
 1.0000000E+000
 9.0000000E+000
 2.7332424E-010
 1.0000000E+000
 9.0000000E+000
 2.6870633E-010
 1.0000000E+000
 9.0000000E+000
 1.5635520E-010
 1.0000000E+000
 9.0000000E+000
 6.5329453E-013
 1.0000000E+000
 9.0000000E+000
 4.0675483E-013
 1.0000000E+000
 9.0000000E+000
 3.9911477E-013
 1.0000000E+000
 9.0000000E+000
 2.0585724E-013
 1.0000000E+000
 9.0000000E+000
-5.3559418E-016
 1.0000000E+000
 9.0000000E+000
-6.5873062E-016
 1.0000000E+000
 9.0000000E+000
-5.5486831E-016
 1.0000000E+000
 9.0000000E+000
-1.0601707E-015
 1.0000000E+000
 9.0000000E+000
-4.2401474E-016
 1.0000000E+000
 9.0000000E+000
-9.0291664E-016
 1.0000000E+000
 9.0000000E+000
-2.4187775E-016
 1.0000000E+000
 9.0000000E+000
-3.0948675E-016
 1.0000000E+000
 9.0000000E+000
 2.3819319E-016
 1.0000000E+000
 9.0000000E+000
 4.2123379E-016
 1.0000000E+000
 9.0000000E+000
-2.1022617E-016
 1.0000000E+000
 9.0000000E+000
 2.8588216E-016
 1.0000000E+000
 9.0000000E+000
 1.2353908E-015
 1.0000000E+000
 9.0000000E+000
 1.2170024E-015
 1.0000000E+000
 9.0000000E+000
 9.4750606E-016
 1.0000000E+000
 9.0000000E+000
 6.8630165E-016
 1.0000000E+000
 9.0000000E+000
 7.2648879E-016
 1.0000000E+000
 9.0000000E+000
 3.8564658E-016
 1.0000000E+000
 9.0000000E+000
 8.3753303E-016
 1.1533080E+000
 1.0161879E+001
 4.9190644E-001
 1.0478707E+000
 9.3728926E+000
 1.4364626E-001
 1.0476586E+000
 9.3713133E+000
 1.4303751E-001
 1.0479978E+000
 9.3737644E+000
 1.4213016E-001
 1.0378102E+000
 9.2951680E+000
 1.1223581E-001
 1.0100866E+000
 9.0793028E+000
 2.9481720E-002
 1.0100464E+000
 9.0789264E+000
 2.9353667E-002
 1.0101538E+000
 9.0796681E+000
 2.9070663E-002
 1.0078077E+000
 9.0613465E+000
 2.2567037E-002
 1.0019167E+000
 9.0150982E+000
 5.5815222E-003
 1.0019095E+000
 9.0150268E+000
 5.5523787E-003
 1.0019340E+000
 9.0151968E+000
 5.4876000E-003
 1.0014602E+000
 9.0114877E+000
 4.1920610E-003
 1.0003132E+000
 9.0024675E+000
 9.1272619E-004
 1.0003119E+000
 9.0024549E+000
 9.0665829E-004
 1.0003164E+000
 9.0024866E+000
 8.9465431E-004
 1.0002337E+000
 9.0018389E+000
 6.6917185E-004
 1.0000388E+000
 9.0003054E+000
 1.1301777E-004
 1.0000385E+000
 9.0003033E+000
 1.1197677E-004
 1.0000391E+000
 9.0003076E+000
 1.1035842E-004
 1.0000281E+000
 9.0002212E+000
 8.0299406E-005
 1.0000028E+000
 9.0000217E+000
 8.0419571E-006
 1.0000027E+000
 9.0000215E+000
 7.9136621E-006
 1.0000028E+000
 9.0000218E+000
 7.7930319E-006
 1.0000019E+000
 9.0000151E+000
 5.4726692E-006
 1.0000000E+000
 9.0000002E+000
 6.6456877E-008
 1.0000000E+000
 9.0000002E+000
 5.7787668E-008
 1.0000000E+000
 9.0000002E+000
 5.6881552E-008
 1.0000000E+000
 9.0000001E+000
 3.7015012E-008
 1.0000000E+000
 9.0000000E+000
 2.3672508E-010
 1.0000000E+000
 9.0000000E+000
 1.7851733E-010
 1.0000000E+000
 9.0000000E+000
 1.7564225E-010
 1.0000000E+000
 9.0000000E+000
 1.0436577E-010
 1.0000000E+000
 9.0000000E+000
 4.5346711E-013
 1.0000000E+000
 9.0000000E+000
 2.9091642E-013
 1.0000000E+000
 9.0000000E+000
 2.8503404E-013
 1.0000000E+000
 9.0000000E+000
 1.5111252E-013
 1.0000000E+000
 9.0000000E+000
 1.7101719E-016
 1.0000000E+000
 9.0000000E+000
-6.5695641E-016
 1.0000000E+000
 9.0000000E+000
-4.4034547E-016
 1.0000000E+000
 9.0000000E+000
-3.0961154E-016
 1.0000000E+000
 9.0000000E+000
-8.8722360E-016
 1.0000000E+000
 9.0000000E+000
-8.7518974E-016
 1.0000000E+000
 9.0000000E+000
-2.8417067E-016
 1.0000000E+000
 9.0000000E+000
-1.2436410E-016
 1.0000000E+000
 9.0000000E+000
 7.9009428E-016
 1.0000000E+000
 9.0000000E+000
 6.4934667E-016
 1.0000000E+000
 9.0000000E+000
 8.4596540E-016
 1.0000000E+000
 9.0000000E+000
 8.8654957E-016
 1.0000000E+000
 9.0000000E+000
 9.0151437E-016
 1.0000000E+000
 9.0000000E+000
 9.0730868E-016
 1.0000000E+000
 9.0000000E+000
 8.1789530E-016
 1.0000000E+000
 9.0000000E+000
 2.3816792E-016
 1.0000000E+000
 9.0000000E+000
 4.4007044E-016
 1.0000000E+000
 9.0000000E+000
 8.3356726E-016
 1.0000000E+000
 9.0000000E+000
 8.3078412E-016
 1.0000000E+000
 9.0000000E+000
 6.1652319E-016
 1.0000000E+000
 9.0000000E+000
 2.5371371E-016
 1.0356296E+000
 9.2788651E+000
 9.5739025E-002
 1.0345065E+000
 9.2700074E+000
 9.8930177E-002
 1.0273033E+000
 9.2140031E+000
 7.8168827E-002
 1.0072232E+000
 9.0568878E+000
 1.8872572E-002
 1.0071089E+000
 9.0559670E+000
 1.9010315E-002
 1.0069362E+000
 9.0545684E+000
 1.9512973E-002
 1.0053779E+000
 9.0423479E+000
 1.5204571E-002
 1.0013171E+000
 9.0103862E+000
 3.5101105E-003
 1.0012985E+000
 9.0102344E+000
 3.5264590E-003
 1.0012764E+000
 9.0100522E+000
 3.5915923E-003
 1.0009721E+000
 9.0076614E+000
 2.7577809E-003
 1.0002059E+000
 9.0016237E+000
 5.6419455E-004
 1.0002034E+000
 9.0016031E+000
 5.6451468E-004
 1.0002018E+000
 9.0015890E+000
 5.6945774E-004
 1.0001503E+000
 9.0011847E+000
 4.2872807E-004
 1.0000242E+000
 9.0001912E+000
 6.8467871E-005
 1.0000240E+000
 9.0001891E+000
 6.8099615E-005
 1.0000241E+000
 9.0001894E+000
 6.7957461E-005
 1.0000174E+000
 9.0001374E+000
 4.9853868E-005
 1.0000016E+000
 9.0000129E+000
 4.7639177E-006
 1.0000016E+000
 9.0000128E+000
 4.6878569E-006
 1.0000016E+000
 9.0000129E+000
 4.6261820E-006
 1.0000011E+000
 9.0000091E+000
 3.2812006E-006
 1.0000000E+000
 9.0000001E+000
 4.1065456E-008
 1.0000000E+000
 9.0000001E+000
 3.5951079E-008
 1.0000000E+000
 9.0000001E+000
 3.5436793E-008
 1.0000000E+000
 9.0000001E+000
 2.3385262E-008
 1.0000000E+000
 9.0000000E+000
 1.5470522E-010
 1.0000000E+000
 9.0000000E+000
 1.1844764E-010
 1.0000000E+000
 9.0000000E+000
 1.1667643E-010
 1.0000000E+000
 9.0000000E+000
 7.0701503E-011
 1.0000000E+000
 9.0000000E+000
 3.1956126E-013
 1.0000000E+000
 9.0000000E+000
 2.1097510E-013
 1.0000000E+000
 9.0000000E+000
 2.0686765E-013
 1.0000000E+000
 9.0000000E+000
 1.1358140E-013
 1.0000000E+000
 9.0000000E+000
 9.6378768E-016
 1.0000000E+000
 9.0000000E+000
 4.6616401E-016
 1.0000000E+000
 9.0000000E+000
 1.7103595E-016
 1.0000000E+000
 9.0000000E+000
-3.9816757E-016
 1.0000000E+000
 9.0000000E+000
-4.7860367E-016
 1.0000000E+000
 9.0000000E+000
-9.4875565E-016
 1.0000000E+000
 9.0000000E+000
-8.6462356E-016
 1.0000000E+000
 9.0000000E+000
-2.9987314E-016
 1.0000000E+000
 9.0000000E+000
 2.6707812E-016
 1.0000000E+000
 9.0000000E+000
 4.9527381E-016
 1.0000000E+000
 9.0000000E+000
 7.5872611E-016
 1.0000000E+000
 9.0000000E+000
 7.1506027E-016
 1.0000000E+000
 9.0000000E+000
 7.0604084E-016
 1.0000000E+000
 9.0000000E+000
 6.1184991E-016
 1.0000000E+000
 9.0000000E+000
 7.9822529E-016
 1.0000000E+000
 9.0000000E+000
 4.9114370E-016
 1.0000000E+000
 9.0000000E+000
 6.9678796E-016
 1.0000000E+000
 9.0000000E+000
 7.6756741E-016
 1.0000000E+000
 9.0000000E+000
 1.7688221E-016
 1.0000000E+000
 9.0000000E+000
 2.1488555E-016
 1.0000000E+000
 9.0000000E+000
 3.0116263E-016
 1.0000000E+000
 9.0000000E+000
-1.2837156E-017
 1.0000000E+000
 9.0000000E+000
-2.3161879E-016
 1.0226764E+000
 9.1783271E+000
 4.7124388E-002
 1.0080448E+000
 9.0634702E+000
 4.2773271E-003
 1.0073064E+000
 9.0576453E+000
 6.1842016E-003
 1.0053231E+000
 9.0419848E+000
 1.1884630E-002
 1.0042709E+000
 9.0337017E+000
 8.9931356E-003
 1.0014275E+000
 9.0112744E+000
 8.0794243E-004
 1.0012914E+000
 9.0101979E+000
 1.1578768E-003
 1.0009381E+000
 9.0074043E+000
 2.1719807E-003
 1.0007386E+000
 9.0058316E+000
 1.6268265E-003
 1.0002171E+000
 9.0017148E+000
 1.3176139E-004
 1.0001953E+000
 9.0015424E+000
 1.8717115E-004
 1.0001407E+000
 9.0011106E+000
 3.4376958E-004
 1.0001080E+000
 9.0008525E+000
 2.5439748E-004
 1.0000248E+000
 9.0001957E+000
 1.6214579E-005
 1.0000221E+000
 9.0001747E+000
 2.2788752E-005
 1.0000158E+000
 9.0001243E+000
 4.1048213E-005
 1.0000117E+000
 9.0000922E+000
 2.9931185E-005
 1.0000016E+000
 9.0000128E+000
 1.1474653E-006
 1.0000014E+000
 9.0000113E+000
 1.5837095E-006
 1.0000010E+000
 9.0000079E+000
 2.8012121E-006
 1.0000007E+000
 9.0000056E+000
 2.0040747E-006
 1.0000000E+000
 9.0000001E+000
 1.1320555E-008
 1.0000000E+000
 9.0000001E+000
 1.2936835E-008
 1.0000000E+000
 9.0000001E+000
 2.2494733E-008
 1.0000000E+000
 9.0000000E+000
 1.5040906E-008
 1.0000000E+000
 9.0000000E+000
 4.8939086E-011
 1.0000000E+000
 9.0000000E+000
 4.5959858E-011
 1.0000000E+000
 9.0000000E+000
 7.8642156E-011
 1.0000000E+000
 9.0000000E+000
 4.8534987E-011
 1.0000000E+000
 9.0000000E+000
 1.1630284E-013
 1.0000000E+000
 9.0000000E+000
 8.9356909E-014
 1.0000000E+000
 9.0000000E+000
 1.5039069E-013
 1.0000000E+000
 9.0000000E+000
 8.4040193E-014
 1.0000000E+000
 9.0000000E+000
 2.6383633E-016
 1.0000000E+000
 9.0000000E+000
 4.7741812E-016
 1.0000000E+000
 9.0000000E+000
 3.1588489E-016
 1.0000000E+000
 9.0000000E+000
-2.5004885E-017
 1.0000000E+000
 9.0000000E+000
-2.5231243E-016
 1.0000000E+000
 9.0000000E+000
-3.9108426E-016
 1.0000000E+000
 9.0000000E+000
-4.5239462E-016
 1.0000000E+000
 9.0000000E+000
-6.6538497E-016
 1.0000000E+000
 9.0000000E+000
-2.5331543E-017
 1.0000000E+000
 9.0000000E+000
 2.5331543E-017
 1.0000000E+000
 9.0000000E+000
 8.4774017E-017
 1.0000000E+000
 9.0000000E+000
-1.5125542E-016
 1.0000000E+000
 9.0000000E+000
 1.2714173E-017
 1.0000000E+000
 9.0000000E+000
-2.4156929E-016
 1.0000000E+000
 9.0000000E+000
 1.0236689E-016
 1.0000000E+000
 9.0000000E+000
 2.2775552E-016
 1.0000000E+000
 9.0000000E+000
 1.4037002E-016
 1.0000000E+000
 9.0000000E+000
-2.2969639E-016
 1.0000000E+000
 9.0000000E+000
 3.6472305E-016
 1.0000000E+000
 9.0000000E+000
-2.7939805E-016
 1.0000000E+000
 9.0000000E+000
 1.2806061E-017
 1.0000000E+000
 9.0000000E+000
 2.0489698E-016
 1.0000000E+000
 9.0000000E+000
-1.1945665E-016
 1.0000000E+000
 9.0000000E+000
-7.6471056E-017
 1.0000000E+000
 9.0000000E+000
 1.2849700E-016
